0 44173.168878
0.125 4.320321
0.25 10.478718
0.375 7.936028
0.5 4.498716
0.625 6.053417
0.75 2.797428
0.875 2.719636
1.0 19.133533
1.125 16.021443
1.25 16.846878
1.375 10.325009
1.5 8.867694
1.625 3.201317
1.75 15.655821
1.875 7.819494
2.0 12.314058
2.125 12.374160
2.25 16.023622
2.375 9.036230
2.5 3.641301
2.625 21.729169
2.75 3.322463
2.875 8.817634
3.0 1.496415
3.125 13.073601
3.25 9.477982
3.375 16.226096
3.5 6.979984
3.625 17.109498
3.75 12.868266
3.875 8.035663
4.0 7.609066
4.125 11.342176
4.25 8.246901
4.375 3.343932
4.5 3.299594
4.625 11.012434
4.75 4.877877
4.875 5.796780
5.0 4.723696
5.125 14.535373
5.25 6.743808
5.375 7.097296
5.5 6.250736
5.625 13.690839
5.75 12.954585
5.875 21.251926
6.0 18.660761
6.125 17.565622
6.25 3.040257
6.375 24.014019
6.5 30.294011
6.625 32.662230
6.75 6.621893
6.875 7.417494
7.0 9.253482
7.125 31.436301
7.25 56.172999
7.375 89.542295
7.5 47.600359
7.625 37.282603
7.75 19.323030
7.875 11.285915
8.0 28.826022
8.125 13.666586
8.25 21.506992
8.375 20.903604
8.5 69.314420
8.625 38.681393
8.75 26.352247
8.875 53.134151
9.0 21.457492
9.125 5.301114
9.25 22.806900
9.375 25.412442
9.5 17.767585
9.625 3.004282
9.75 8.661806
9.875 3.676163
10.0 36.588538
10.125 15.772273
10.25 16.452696
10.375 20.483811
10.5 10.232509
10.625 3.427244
10.75 6.995855
10.875 6.608278
11.0 10.217124
11.125 7.096018
11.25 6.714985
11.375 10.040070
11.5 5.808659
11.625 11.035868
11.75 2.881296
11.875 6.640707
12.0 6.382293
12.125 1.698438
12.25 11.917621
12.375 7.320166
12.5 5.777063
12.625 13.113240
12.75 9.511950
12.875 10.128344
13.0 6.632314
13.125 9.119386
13.25 9.410916
13.375 3.725861
13.5 5.513403
13.625 6.417750
13.75 11.026975
13.875 2.999745
14.0 5.392471
14.125 5.711395
14.25 0.781226
14.375 8.641965
14.5 1.326045
14.625 2.863494
14.75 6.361855
14.875 13.028240
15.0 8.411414
15.125 3.994004
15.25 3.597362
15.375 6.473227
15.5 3.275269
15.625 9.686080
15.75 15.016637
15.875 1.377692
16.0 6.404064
16.125 6.495252
16.25 8.826681
16.375 4.241222
16.5 3.640514
16.625 10.171058
16.75 2.671997
16.875 4.804829
17.0 4.068572
17.125 2.961156
17.25 5.685368
17.375 13.694930
17.5 5.069006
17.625 1.839483
17.75 3.245835
17.875 4.788884
18.0 6.295537
18.125 4.260266
18.25 3.690205
18.375 6.384087
18.5 3.627502
18.625 7.808402
18.75 4.418008
18.875 8.654780
19.0 1.698168
19.125 11.069427
19.25 2.706198
19.375 13.576917
19.5 7.914491
19.625 6.247323
19.75 2.799297
19.875 3.997474
20.0 8.769715
20.125 5.296460
20.25 4.285917
20.375 8.464286
20.5 1.330934
20.625 4.024540
20.75 6.177118
20.875 0.980419
21.0 4.280734
21.125 2.710257
21.25 6.733606
21.375 2.362814
21.5 3.659717
21.625 0.174302
21.75 2.814241
21.875 8.692351
22.0 0.590747
22.125 4.934497
22.25 7.128661
22.375 5.729325
22.5 7.338214
22.625 3.467763
22.75 1.386246
22.875 2.830682
23.0 3.125399
23.125 0.817798
23.25 1.253727
23.375 5.012957
23.5 2.147657
23.625 1.426661
23.75 2.702089
23.875 7.931032
24.0 3.573529
24.125 6.444767
24.25 3.407120
24.375 7.430399
24.5 4.337141
24.625 4.146834
24.75 2.918012
24.875 4.364727
25.0 5.031537
25.125 4.777571
25.25 4.864666
25.375 5.588902
25.5 6.052964
25.625 4.824358
25.75 4.871238
25.875 1.827515
26.0 2.474134
26.125 7.416230
26.25 5.358376
26.375 7.021635
26.5 2.682535
26.625 4.827550
26.75 3.173351
26.875 2.258604
27.0 1.697818
27.125 6.616641
27.25 5.530342
27.375 4.567671
27.5 3.908363
27.625 7.962675
27.75 0.708234
27.875 6.585979
28.0 3.058662
28.125 6.452652
28.25 5.747649
28.375 1.184171
28.5 1.481822
28.625 3.780165
28.75 2.568026
28.875 5.753194
29.0 1.867537
29.125 4.484747
29.25 6.872942
29.375 6.160235
29.5 1.045888
29.625 0.893399
29.75 3.151179
29.875 3.640485
30.0 3.494998
30.125 3.309821
30.25 1.441844
30.375 4.479390
30.5 3.288609
30.625 6.542539
30.75 1.402463
30.875 0.845882
31.0 1.653770
31.125 5.307409
31.25 3.143061
31.375 1.520167
31.5 3.160438
31.625 2.945173
31.75 3.687522
31.875 2.490229
32.0 2.639005
32.125 1.463401
32.25 4.429472
32.375 3.324275
32.5 1.259006
32.625 2.390717
32.75 4.971435
32.875 1.891836
33.0 6.570182
33.125 7.688633
33.25 1.033977
33.375 1.553703
33.5 2.549514
33.625 0.656158
33.75 4.787759
33.875 2.769945
34.0 2.695581
34.125 1.735262
34.25 2.009661
34.375 4.547415
34.5 3.400421
34.625 3.227581
34.75 1.283861
34.875 3.544305
35.0 3.247469
35.125 6.112012
35.25 2.462309
35.375 6.207303
35.5 4.682820
35.625 4.480893
35.75 5.238295
35.875 4.192625
36.0 1.739334
36.125 1.457122
36.25 8.034956
36.375 3.774946
36.5 3.868154
36.625 1.281257
36.75 2.889949
36.875 3.999676
37.0 1.952091
37.125 3.612008
37.25 0.638986
37.375 3.995321
37.5 3.388320
37.625 2.657011
37.75 0.779663
37.875 5.079509
38.0 2.369439
38.125 3.636183
38.25 1.365226
38.375 2.145335
38.5 4.919899
38.625 4.776052
38.75 0.554046
38.875 0.852270
39.0 2.203714
39.125 1.981610
39.25 2.377240
39.375 2.324074
39.5 2.450024
39.625 3.732235
39.75 1.912579
39.875 2.790945
40.0 4.378427
40.125 4.975968
40.25 0.408663
40.375 0.736657
40.5 2.189861
40.625 3.040179
40.75 2.341431
40.875 3.202150
41.0 3.543177
41.125 4.061702
41.25 3.821233
41.375 0.265845
41.5 1.458804
41.625 0.143889
41.75 4.250302
41.875 1.742474
42.0 0.954936
42.125 0.584825
42.25 3.683119
42.375 3.472549
42.5 2.636307
42.625 1.174075
42.75 2.046980
42.875 2.934229
43.0 1.249974
43.125 1.861022
43.25 3.364626
43.375 2.963241
43.5 6.659486
43.625 3.893088
43.75 0.738472
43.875 2.459147
44.0 1.748541
44.125 0.938512
44.25 2.114796
44.375 3.148327
44.5 0.952258
44.625 3.703762
44.75 2.942617
44.875 3.536914
45.0 2.205424
45.125 3.054093
45.25 1.177815
45.375 3.413243
45.5 3.825818
45.625 0.554076
45.75 0.980741
45.875 5.320305
46.0 2.733744
46.125 4.497261
46.25 4.879167
46.375 1.688338
46.5 1.787695
46.625 2.389881
46.75 2.713199
46.875 1.177965
47.0 1.516074
47.125 2.826074
47.25 2.733588
47.375 3.778148
47.5 3.143390
47.625 2.280331
47.75 1.558886
47.875 4.684330
48.0 1.061791
48.125 3.016987
48.25 2.209789
48.375 0.660873
48.5 3.090499
48.625 2.365018
48.75 2.197004
48.875 0.845475
49.0 2.681138
49.125 5.145638
49.25 2.636465
49.375 2.544971
49.5 0.383270
49.625 6.241505
49.75 2.425418
49.875 1.218081
50.0 4.853846
50.125 1.834806
50.25 0.479714
50.375 4.232653
50.5 3.517390
50.625 5.705806
50.75 3.602886
50.875 6.565151
51.0 0.795037
51.125 1.837197
51.25 1.037012
51.375 4.109544
51.5 1.256882
51.625 3.684784
51.75 0.536153
51.875 4.342893
52.0 2.718273
52.125 3.620250
52.25 0.908659
52.375 5.240165
52.5 2.859822
52.625 1.537331
52.75 1.558157
52.875 0.983410
53.0 2.963930
53.125 5.022654
53.25 3.649997
53.375 2.288129
53.5 3.732280
53.625 1.767303
53.75 1.239721
53.875 0.963398
54.0 2.313521
54.125 2.347969
54.25 0.589573
54.375 2.249048
54.5 5.635941
54.625 3.001732
54.75 2.056697
54.875 2.876183
55.0 1.721974
55.125 1.765410
55.25 1.897803
55.375 4.627740
55.5 1.429120
55.625 3.653057
55.75 3.842741
55.875 0.905053
56.0 3.562795
56.125 3.647741
56.25 1.561027
56.375 3.268008
56.5 2.500474
56.625 1.936973
56.75 0.890358
56.875 3.583765
57.0 4.358757
57.125 0.861960
57.25 3.376688
57.375 7.535094
57.5 2.922534
57.625 6.363774
57.75 3.103762
57.875 5.368289
58.0 1.582938
58.125 2.818679
58.25 1.566086
58.375 2.552582
58.5 1.309321
58.625 1.912790
58.75 1.455127
58.875 3.642955
59.0 1.995868
59.125 2.582272
59.25 2.248487
59.375 0.591309
59.5 2.662541
59.625 2.158548
59.75 0.569363
59.875 0.887394
60.0 6.014162
60.125 2.528872
60.25 1.929598
60.375 4.505681
60.5 1.712847
60.625 3.027500
60.75 3.346558
60.875 2.312955
61.0 4.162387
61.125 2.597549
61.25 1.332326
61.375 5.069767
61.5 2.004396
61.625 5.612786
61.75 1.359514
61.875 2.153830
62.0 0.791587
62.125 2.910365
62.25 4.494095
62.375 1.017750
62.5 0.510206
62.625 3.903075
62.75 3.257679
62.875 2.886850
63.0 4.476160
63.125 1.778799
63.25 0.737632
63.375 3.157189
63.5 3.778446
63.625 2.263676
63.75 2.332434
63.875 1.281856
64.0 0.573791
64.125 3.054148
64.25 7.355467
64.375 1.638872
64.5 3.184190
64.625 3.910575
64.75 3.895763
64.875 2.251835
65.0 1.307351
65.125 1.009790
65.25 1.030719
65.375 2.299628
65.5 2.847978
65.625 1.171979
65.75 3.051995
65.875 3.254767
66.0 2.473917
66.125 2.205693
66.25 3.973734
66.375 1.715744
66.5 4.126980
66.625 2.113261
66.75 0.981704
66.875 0.974571
67.0 1.823107
67.125 3.673931
67.25 3.695663
67.375 2.589126
67.5 3.207821
67.625 0.866095
67.75 4.580724
67.875 1.307474
68.0 1.416904
68.125 4.119441
68.25 0.776306
68.375 4.843482
68.5 1.786429
68.625 3.155560
68.75 5.180436
68.875 4.697773
69.0 2.082930
69.125 2.774030
69.25 2.518131
69.375 3.600081
69.5 3.063486
69.625 1.515675
69.75 4.477598
69.875 3.442169
70.0 0.592617
70.125 1.499527
70.25 1.680826
70.375 1.075829
70.5 2.337639
70.625 2.770432
70.75 2.932215
70.875 3.999837
71.0 1.529275
71.125 2.768347
71.25 3.241855
71.375 4.077307
71.5 4.043122
71.625 0.614941
71.75 0.823307
71.875 2.091337
72.0 2.193530
72.125 0.484933
72.25 0.343482
72.375 1.616672
72.5 2.051184
72.625 0.810127
72.75 0.731018
72.875 1.103623
73.0 2.529722
73.125 2.682951
73.25 2.512699
73.375 1.524905
73.5 1.065237
73.625 2.438427
73.75 1.569737
73.875 0.747901
74.0 2.562847
74.125 1.635267
74.25 0.438261
74.375 0.897422
74.5 0.594480
74.625 2.829029
74.75 1.786518
74.875 0.688149
75.0 1.522635
75.125 2.688323
75.25 0.345596
75.375 0.758877
75.5 1.392195
75.625 2.200594
75.75 2.699433
75.875 4.055339
76.0 1.562169
76.125 2.266008
76.25 1.195076
76.375 2.494823
76.5 0.903604
76.625 2.657811
76.75 1.814001
76.875 1.477469
77.0 0.651324
77.125 0.908884
77.25 3.199858
77.375 3.009599
77.5 0.469998
77.625 2.033808
77.75 1.426513
77.875 0.877250
78.0 1.704842
78.125 3.856791
78.25 4.149705
78.375 3.973824
78.5 1.501687
78.625 0.599537
78.75 1.488908
78.875 1.067662
79.0 0.748388
79.125 0.647652
79.25 1.754275
79.375 1.213138
79.5 1.052480
79.625 1.055533
79.75 1.869346
79.875 1.588407
80.0 3.402582
80.125 1.124919
80.25 1.196882
80.375 1.551441
80.5 2.724859
80.625 1.777078
80.75 2.435161
80.875 0.959405
81.0 0.895921
81.125 0.272643
81.25 1.260919
81.375 1.259484
81.5 1.011149
81.625 1.345597
81.75 3.852352
81.875 1.103248
82.0 2.155716
82.125 3.260681
82.25 1.302557
82.375 1.296984
82.5 2.563931
82.625 1.319820
82.75 1.252401
82.875 3.658859
83.0 3.102420
83.125 2.536451
83.25 0.725973
83.375 1.100666
83.5 0.714425
83.625 1.777912
83.75 0.562249
83.875 1.048042
84.0 1.500319
84.125 1.370037
84.25 1.204638
84.375 1.610602
84.5 0.541486
84.625 1.602120
84.75 1.490919
84.875 1.508329
85.0 0.913729
85.125 1.657639
85.25 1.501118
85.375 1.272824
85.5 1.914116
85.625 1.576589
85.75 1.827030
85.875 1.832569
86.0 0.795943
86.125 2.027520
86.25 1.543305
86.375 1.409475
86.5 4.017431
86.625 0.601289
86.75 1.545703
86.875 3.024191
87.0 2.042677
87.125 0.520392
87.25 1.791891
87.375 1.185887
87.5 0.848036
87.625 1.044705
87.75 1.092330
87.875 0.113032
88.0 1.911174
88.125 2.146288
88.25 2.669969
88.375 0.771839
88.5 2.440453
88.625 0.871706
88.75 1.239148
88.875 1.253885
89.0 1.789064
89.125 0.267698
89.25 1.728831
89.375 1.814816
89.5 0.237384
89.625 1.926411
89.75 0.910803
89.875 0.782776
90.0 1.694308
90.125 1.301479
90.25 0.497933
90.375 2.069637
90.5 1.199391
90.625 1.494642
90.75 0.430977
90.875 0.765076
91.0 0.535588
91.125 1.949163
91.25 1.890485
91.375 2.158335
91.5 1.118357
91.625 0.366113
91.75 1.128000
91.875 1.948525
92.0 0.371518
92.125 0.441619
92.25 1.645938
92.375 1.118872
92.5 1.829214
92.625 0.455260
92.75 1.222760
92.875 0.988558
93.0 0.341911
93.125 2.023760
93.25 0.808234
93.375 1.055003
93.5 1.684743
93.625 2.364564
93.75 0.114615
93.875 0.656026
94.0 1.605692
94.125 1.214537
94.25 1.171852
94.375 1.327193
94.5 0.721630
94.625 0.473668
94.75 0.736539
94.875 0.221578
95.0 1.662001
95.125 0.810786
95.25 1.569915
95.375 2.140169
95.5 1.534765
95.625 1.275751
95.75 2.552787
95.875 2.149812
96.0 1.252204
96.125 2.369610
96.25 0.529743
96.375 1.346587
96.5 2.617418
96.625 2.503508
96.75 2.340276
96.875 0.564898
97.0 0.633296
97.125 0.724414
97.25 2.205839
97.375 2.052470
97.5 2.346245
97.625 1.100777
97.75 3.046173
97.875 1.920471
98.0 0.966640
98.125 2.649819
98.25 1.604994
98.375 2.249557
98.5 1.728047
98.625 0.596529
98.75 1.129760
98.875 1.044360
99.0 0.251166
99.125 0.825922
99.25 2.602600
99.375 0.625103
99.5 0.944636
99.625 1.146159
99.75 0.639756
99.875 0.433241
100.0 1.086063
100.125 0.942166
100.25 1.782234
100.375 0.683188
100.5 1.133620
100.625 0.888331
100.75 0.636318
100.875 1.161109
101.0 0.689928
101.125 0.519282
101.25 0.605430
101.375 0.895490
101.5 0.842823
101.625 0.336866
101.75 1.093006
101.875 1.321838
102.0 1.381455
102.125 0.847053
102.25 1.216286
102.375 0.978465
102.5 1.153456
102.625 1.228267
102.75 1.856631
102.875 0.858897
103.0 1.162032
103.125 0.236350
103.25 2.149643
103.375 0.879258
103.5 1.419545
103.625 1.210954
103.75 0.465035
103.875 0.406787
104.0 0.290070
104.125 0.825140
104.25 1.014087
104.375 1.228899
104.5 1.012981
104.625 1.491997
104.75 0.909045
104.875 0.792549
105.0 1.295433
105.125 0.343001
105.25 2.112024
105.375 1.830254
105.5 2.451934
105.625 1.752393
105.75 1.282315
105.875 0.702868
106.0 1.253640
106.125 3.258793
106.25 1.568590
106.375 1.305107
106.5 0.978688
106.625 0.585096
106.75 1.881596
106.875 0.185943
107.0 2.652243
107.125 1.661869
107.25 1.365672
107.375 0.752983
107.5 2.062109
107.625 2.470931
107.75 1.563762
107.875 2.676676
108.0 1.366279
108.125 0.053115
108.25 1.841937
108.375 1.242637
108.5 1.355031
108.625 1.170080
108.75 1.138294
108.875 0.278394
109.0 0.398969
109.125 1.113458
109.25 1.633305
109.375 0.713770
109.5 2.013280
109.625 0.466019
109.75 1.042286
109.875 1.203705
110.0 1.756055
110.125 0.953422
110.25 0.677314
110.375 1.354871
110.5 0.929317
110.625 0.724291
110.75 1.004689
110.875 0.796684
111.0 1.106864
111.125 1.123764
111.25 0.915369
111.375 0.932577
111.5 1.406860
111.625 0.596307
111.75 0.767371
111.875 0.662731
112.0 1.516332
112.125 0.976819
112.25 0.730136
112.375 0.598732
112.5 0.723921
112.625 0.960801
112.75 1.124217
112.875 1.510729
113.0 0.514421
113.125 1.225059
113.25 1.478561
113.375 0.495388
113.5 2.658820
113.625 0.477694
113.75 0.851488
113.875 1.388189
114.0 0.875492
114.125 0.860049
114.25 1.295213
114.375 0.696666
114.5 2.364227
114.625 0.294436
114.75 2.398337
114.875 0.806925
115.0 2.806882
115.125 2.181150
115.25 0.569490
115.375 1.244827
115.5 1.750135
115.625 2.699541
115.75 1.822470
115.875 1.144925
116.0 1.689631
116.125 0.993716
116.25 0.113291
116.375 1.011888
116.5 0.539030
116.625 0.385983
116.75 2.284130
116.875 1.946319
117.0 0.755573
117.125 0.606181
117.25 0.793287
117.375 2.134856
117.5 3.206267
117.625 2.089944
117.75 1.883682
117.875 1.040797
118.0 1.009647
118.125 0.216829
118.25 1.036026
118.375 1.379137
118.5 1.373199
118.625 2.362260
118.75 1.737161
118.875 0.314677
119.0 1.362804
119.125 1.336125
119.25 1.754323
119.375 1.118325
119.5 1.024792
119.625 0.510093
119.75 1.900290
119.875 1.533267
120.0 1.198864
120.125 1.035683
120.25 1.269482
120.375 1.929509
120.5 0.528288
120.625 0.963745
120.75 1.743644
120.875 0.829510
121.0 0.833712
121.125 0.877754
121.25 1.112557
121.375 1.912163
121.5 1.705302
121.625 1.511253
121.75 0.577369
121.875 1.690942
122.0 0.470732
122.125 1.834942
122.25 2.848691
122.375 1.578025
122.5 1.328885
122.625 1.301793
122.75 1.083250
122.875 1.109182
123.0 0.855513
123.125 0.153269
123.25 1.930083
123.375 0.243644
123.5 0.847397
123.625 1.058758
123.75 0.999060
123.875 0.921821
124.0 1.413898
124.125 0.694005
124.25 1.017409
124.375 1.372313
124.5 1.098597
124.625 2.686940
124.75 1.937589
124.875 2.042580
125.0 0.963709
125.125 1.305827
125.25 0.989368
125.375 2.636646
125.5 0.815155
125.625 1.996997
125.75 1.592733
125.875 1.012456
126.0 2.202196
126.125 1.796196
126.25 2.074042
126.375 1.198999
126.5 1.086796
126.625 1.674730
126.75 2.581075
126.875 1.686861
127.0 1.416181
127.125 1.440376
127.25 3.155843
127.375 3.780373
127.5 2.672411
127.625 1.985222
127.75 0.134581
127.875 0.729059
128.0 2.711336
128.125 2.186524
128.25 1.612830
128.375 2.889183
128.5 1.582409
128.625 1.994542
128.75 2.086953
128.875 3.757483
129.0 1.648460
129.125 0.107160
129.25 0.871463
129.375 0.551557
129.5 1.091887
129.625 1.923197
129.75 0.573753
129.875 1.277863
130.0 2.148191
130.125 1.955440
130.25 0.450420
130.375 1.408045
130.5 0.694715
130.625 0.520047
130.75 1.318868
130.875 0.164689
131.0 1.191543
131.125 0.375254
131.25 0.850735
131.375 0.881817
131.5 0.483774
131.625 0.825597
131.75 1.026947
131.875 0.251998
132.0 0.430943
132.125 1.367873
132.25 1.779651
132.375 0.552853
132.5 1.074725
132.625 0.850785
132.75 1.062914
132.875 0.505652
133.0 0.995226
133.125 0.724875
133.25 0.539371
133.375 0.564230
133.5 0.576365
133.625 1.964992
133.75 1.251735
133.875 1.469992
134.0 2.642024
134.125 1.407512
134.25 1.833322
134.375 2.886590
134.5 1.672527
134.625 1.605560
134.75 1.934269
134.875 3.094099
135.0 1.526282
135.125 1.936701
135.25 2.077547
135.375 2.020663
135.5 1.208648
135.625 1.015449
135.75 1.316417
135.875 0.619457
136.0 1.377098
136.125 2.578657
136.25 0.496162
136.375 0.732359
136.5 0.990704
136.625 1.231428
136.75 1.671807
136.875 0.644944
137.0 1.649163
137.125 0.489989
137.25 0.224681
137.375 2.554651
137.5 1.890610
137.625 0.757275
137.75 0.266689
137.875 1.338534
138.0 0.483571
138.125 2.827905
138.25 0.512556
138.375 1.349990
138.5 1.006508
138.625 0.598922
138.75 0.514873
138.875 1.106234
139.0 1.192926
139.125 0.311702
139.25 0.982975
139.375 0.457870
139.5 0.555563
139.625 0.863086
139.75 1.135830
139.875 1.089700
140.0 1.790830
140.125 1.851792
140.25 1.277300
140.375 1.081277
140.5 1.143523
140.625 0.664963
140.75 0.468928
140.875 0.589255
141.0 0.207619
141.125 0.846834
141.25 0.721596
141.375 0.647944
141.5 0.710929
141.625 0.647831
141.75 1.900254
141.875 1.144897
142.0 1.139498
142.125 0.838361
142.25 0.775877
142.375 1.465615
142.5 0.764827
142.625 0.547994
142.75 0.749666
142.875 1.244343
143.0 1.600817
143.125 0.517460
143.25 0.836310
143.375 0.944798
143.5 1.929133
143.625 0.498276
143.75 1.185653
143.875 1.197930
144.0 1.093679
144.125 1.177196
144.25 0.522054
144.375 1.344209
144.5 1.051005
144.625 0.947354
144.75 1.579978
144.875 2.275832
145.0 0.368542
145.125 0.445471
145.25 1.314436
145.375 0.160894
145.5 1.542730
145.625 1.779669
145.75 0.804089
145.875 0.897502
146.0 0.156048
146.125 0.661044
146.25 1.526802
146.375 0.904406
146.5 0.889716
146.625 0.661936
146.75 1.768676
146.875 2.462900
147.0 1.138492
147.125 1.359164
147.25 2.646845
147.375 2.266825
147.5 0.904359
147.625 1.820889
147.75 1.756695
147.875 0.449151
148.0 1.599635
148.125 0.763164
148.25 0.912362
148.375 0.615322
148.5 0.362593
148.625 0.405675
148.75 0.694797
148.875 1.407171
149.0 0.890975
149.125 1.622196
149.25 1.318942
149.375 0.367776
149.5 0.996992
149.625 0.900205
149.75 0.650058
149.875 1.910127
150.0 0.336266
150.125 1.929483
150.25 1.178268
150.375 0.521594
150.5 0.435596
150.625 0.672065
150.75 0.472878
150.875 0.339274
151.0 0.824572
151.125 1.117852
151.25 1.082107
151.375 0.241366
151.5 0.643155
151.625 1.336335
151.75 0.692243
151.875 0.655066
152.0 0.787422
152.125 0.340908
152.25 0.810110
152.375 0.750564
152.5 1.554608
152.625 0.731265
152.75 0.666878
152.875 0.724427
153.0 1.196783
153.125 1.212941
153.25 0.433906
153.375 1.458282
153.5 2.202125
153.625 1.544363
153.75 1.070449
153.875 0.219533
154.0 1.206179
154.125 1.613502
154.25 0.722092
154.375 1.504798
154.5 0.889752
154.625 1.020860
154.75 1.197769
154.875 0.437065
155.0 1.132660
155.125 0.588585
155.25 0.351720
155.375 0.904040
155.5 0.683392
155.625 1.909710
155.75 0.530311
155.875 0.283927
156.0 1.316386
156.125 0.795678
156.25 0.668020
156.375 1.135871
156.5 2.173594
156.625 1.858333
156.75 1.202194
156.875 0.743739
157.0 1.421300
157.125 0.641628
157.25 0.883082
157.375 1.216501
157.5 0.839748
157.625 2.044329
157.75 1.536418
157.875 0.167296
158.0 0.076010
158.125 1.415755
158.25 0.428319
158.375 0.386733
158.5 0.535771
158.625 0.418411
158.75 0.403646
158.875 1.010859
159.0 0.953916
159.125 1.531721
159.25 0.571897
159.375 1.216576
159.5 1.396199
159.625 0.625129
159.75 0.367443
159.875 0.140267
160.0 1.004632
160.125 0.170999
160.25 0.811000
160.375 1.232739
160.5 0.185621
160.625 0.311150
160.75 0.503650
160.875 0.524828
161.0 0.615402
161.125 0.327841
161.25 1.461757
161.375 0.895161
161.5 1.339451
161.625 1.144296
161.75 1.189204
161.875 1.361767
162.0 0.967764
162.125 0.875858
162.25 1.738999
162.375 1.354026
162.5 0.975165
162.625 0.387148
162.75 0.255639
162.875 0.895151
163.0 1.113032
163.125 0.724924
163.25 1.446582
163.375 0.502492
163.5 0.836119
163.625 0.872339
163.75 0.394479
163.875 0.644683
164.0 1.069571
164.125 1.777409
164.25 0.893598
164.375 1.009027
164.5 0.898590
164.625 0.348176
164.75 0.495117
164.875 0.506776
165.0 0.628128
165.125 1.787230
165.25 0.384260
165.375 0.324846
165.5 0.628139
165.625 0.601839
165.75 0.784713
165.875 1.942735
166.0 0.844574
166.125 0.641910
166.25 0.667577
166.375 0.548331
166.5 0.921794
166.625 0.900941
166.75 1.765083
166.875 0.654325
167.0 0.446308
167.125 0.409184
167.25 0.352571
167.375 0.533205
167.5 0.463539
167.625 0.187283
167.75 0.815651
167.875 1.196744
168.0 0.434336
168.125 0.975963
168.25 0.506676
168.375 0.807896
168.5 0.776798
168.625 0.336305
168.75 0.257614
168.875 0.187782
169.0 1.109133
169.125 0.733853
169.25 0.631783
169.375 0.794914
169.5 0.437179
169.625 0.245373
169.75 0.697407
169.875 0.823277
170.0 0.986513
170.125 0.926703
170.25 0.503518
170.375 0.526803
170.5 0.839787
170.625 0.675117
170.75 0.126610
170.875 0.980065
171.0 0.344632
171.125 0.557251
171.25 0.061743
171.375 0.909400
171.5 0.456332
171.625 1.118789
171.75 0.976022
171.875 0.566513
172.0 0.817283
172.125 0.621179
172.25 0.944734
172.375 0.707968
172.5 0.745804
172.625 0.952053
172.75 0.712462
172.875 0.488959
173.0 0.719174
173.125 1.404730
173.25 0.788827
173.375 0.344481
173.5 0.553437
173.625 1.011822
173.75 1.305787
173.875 1.097043
174.0 0.967036
174.125 0.930855
174.25 0.292983
174.375 0.549394
174.5 0.569523
174.625 0.651439
174.75 0.358325
174.875 0.164017
175.0 0.835078
175.125 0.618623
175.25 1.101491
175.375 0.465149
175.5 0.246402
175.625 0.629004
175.75 0.301400
175.875 0.512900
176.0 1.048099
176.125 0.533498
176.25 0.635344
176.375 0.342294
176.5 0.710817
176.625 0.376549
176.75 1.355711
176.875 0.787512
177.0 0.964328
177.125 0.874271
177.25 0.534325
177.375 0.430421
177.5 0.357240
177.625 0.792950
177.75 0.848441
177.875 0.668567
178.0 0.343240
178.125 0.412313
178.25 0.646273
178.375 0.426202
178.5 0.587114
178.625 0.282589
178.75 0.968448
178.875 0.432624
179.0 0.292987
179.125 0.633223
179.25 0.407486
179.375 0.157409
179.5 0.284987
179.625 0.287893
179.75 0.134019
179.875 0.167843
180.0 0.187801
180.125 0.532288
180.25 0.496249
180.375 0.174435
180.5 1.094348
180.625 0.859876
180.75 1.174111
180.875 0.762193
181.0 0.366251
181.125 0.171222
181.25 1.209342
181.375 0.877679
181.5 0.564528
181.625 0.380185
181.75 0.697713
181.875 0.551894
182.0 0.229899
182.125 0.648591
182.25 0.448278
182.375 0.535074
182.5 0.394232
182.625 0.285276
182.75 0.281197
182.875 0.245961
183.0 0.150583
183.125 0.372510
183.25 0.088427
183.375 0.132807
183.5 0.566720
183.625 0.740981
183.75 0.248765
183.875 0.516109
184.0 0.318888
184.125 0.274996
184.25 0.302508
184.375 0.550130
184.5 0.273011
184.625 0.230773
184.75 0.637940
184.875 0.963495
185.0 0.316213
185.125 1.061752
185.25 0.393304
185.375 0.280719
185.5 0.487627
185.625 0.494356
185.75 0.887220
185.875 0.607341
186.0 0.390905
186.125 0.837881
186.25 0.166957
186.375 0.227894
186.5 0.498459
186.625 0.180922
186.75 0.726996
186.875 0.404281
187.0 0.687647
187.125 0.498561
187.25 1.132058
187.375 0.327084
187.5 0.574123
187.625 0.583566
187.75 0.312657
187.875 0.203911
188.0 0.312405
188.125 0.507457
188.25 0.457119
188.375 0.123660
188.5 0.562614
188.625 0.163336
188.75 0.297463
188.875 0.384542
189.0 0.379760
189.125 0.210080
189.25 0.524067
189.375 0.467573
189.5 0.327424
189.625 0.667971
189.75 0.691797
189.875 0.824684
190.0 0.704564
190.125 1.132433
190.25 0.703048
190.375 0.443469
190.5 0.298066
190.625 0.343290
190.75 0.817753
190.875 1.013410
191.0 0.473233
191.125 0.652542
191.25 0.279468
191.375 0.576010
191.5 0.547494
191.625 0.212639
191.75 0.236456
191.875 0.387350
192.0 0.657070
192.125 0.559051
192.25 0.512369
192.375 0.391614
192.5 0.470735
192.625 0.605147
192.75 0.959551
192.875 0.544014
193.0 0.447912
193.125 1.099943
193.25 0.185165
193.375 0.250348
193.5 0.139511
193.625 0.077782
193.75 0.098286
193.875 0.749030
194.0 0.357783
194.125 0.336959
194.25 0.894533
194.375 0.387859
194.5 0.209863
194.625 0.202077
194.75 0.129545
194.875 0.538565
195.0 0.615461
195.125 0.346660
195.25 0.459377
195.375 0.944576
195.5 0.763286
195.625 0.227634
195.75 0.445173
195.875 0.279540
196.0 0.667321
196.125 0.305602
196.25 0.597595
196.375 0.205263
196.5 0.468679
196.625 0.381587
196.75 0.211127
196.875 0.014663
197.0 0.651878
197.125 0.591898
197.25 0.315504
197.375 0.344905
197.5 0.492100
197.625 0.616171
197.75 0.466489
197.875 0.254884
198.0 0.358268
198.125 0.450994
198.25 0.877223
198.375 0.431875
198.5 0.180148
198.625 0.833809
198.75 0.605747
198.875 0.321156
199.0 1.304627
199.125 0.830388
199.25 0.299670
199.375 0.164649
199.5 0.610235
199.625 0.235223
199.75 0.436231
199.875 0.235828
200.0 0.289676
200.125 0.955366
200.25 0.446512
200.375 0.439903
200.5 0.495392
200.625 0.386702
200.75 0.764727
200.875 0.749612
201.0 0.173804
201.125 0.782298
201.25 0.753744
201.375 0.798122
201.5 1.205188
201.625 0.899542
201.75 0.496329
201.875 0.430199
202.0 0.337300
202.125 0.496464
202.25 0.478479
202.375 0.331243
202.5 0.965259
202.625 0.396938
202.75 0.398358
202.875 0.197257
203.0 0.274714
203.125 0.548672
203.25 0.250423
203.375 0.413559
203.5 0.820004
203.625 0.418274
203.75 0.471479
203.875 0.403766
204.0 0.629465
204.125 0.284457
204.25 0.340242
204.375 0.396603
204.5 0.606877
204.625 0.363706
204.75 0.174084
204.875 0.303281
205.0 0.412623
205.125 0.306277
205.25 0.175877
205.375 0.873457
205.5 0.483018
205.625 0.827186
205.75 0.096963
205.875 0.748389
206.0 0.670192
206.125 0.623561
206.25 0.268780
206.375 0.382594
206.5 0.132526
206.625 0.865423
206.75 0.606823
206.875 0.189048
207.0 0.372018
207.125 0.695752
207.25 0.807889
207.375 0.643772
207.5 0.859489
207.625 0.291019
207.75 0.524384
207.875 0.485083
208.0 0.311165
208.125 0.375025
208.25 0.850616
208.375 0.860400
208.5 0.678526
208.625 0.386209
208.75 0.337574
208.875 0.438554
209.0 0.537587
209.125 0.487449
209.25 0.301069
209.375 0.565350
209.5 0.684423
209.625 0.568355
209.75 0.212083
209.875 0.343841
210.0 0.471369
210.125 0.085108
210.25 0.160233
210.375 0.216739
210.5 0.532759
210.625 0.101178
210.75 1.145988
210.875 0.782378
211.0 0.217365
211.125 1.088320
211.25 0.184434
211.375 0.472879
211.5 0.429952
211.625 0.550468
211.75 0.290042
211.875 0.089919
212.0 0.509598
212.125 0.157009
212.25 0.316875
212.375 0.761704
212.5 0.179168
212.625 0.763145
212.75 0.314554
212.875 0.079986
213.0 0.351356
213.125 0.598178
213.25 0.352174
213.375 0.335601
213.5 0.544230
213.625 0.351662
213.75 0.363473
213.875 0.379573
214.0 0.452759
214.125 0.736014
214.25 0.129894
214.375 0.076340
214.5 0.521236
214.625 0.269387
214.75 0.441652
214.875 0.886642
215.0 0.369328
215.125 0.344873
215.25 0.696531
215.375 0.292431
215.5 0.073119
215.625 0.190452
215.75 0.300380
215.875 0.388771
216.0 0.587564
216.125 0.514813
216.25 0.672487
216.375 0.322729
216.5 0.538762
216.625 0.494961
216.75 0.454934
216.875 0.153227
217.0 0.860225
217.125 0.756909
217.25 0.909177
217.375 0.557025
217.5 0.145344
217.625 0.377365
217.75 0.148074
217.875 0.569213
218.0 0.380158
218.125 0.165398
218.25 0.573361
218.375 0.792922
218.5 0.248497
218.625 0.516411
218.75 0.638663
218.875 0.292581
219.0 0.668822
219.125 0.463657
219.25 0.197597
219.375 0.422023
219.5 0.655045
219.625 0.165053
219.75 0.914744
219.875 0.073890
220.0 0.477523
220.125 0.368781
220.25 0.041067
220.375 0.522966
220.5 0.366553
220.625 0.602322
220.75 0.629191
220.875 0.191571
221.0 0.557013
221.125 0.555494
221.25 0.725288
221.375 0.286303
221.5 0.385346
221.625 0.574856
221.75 0.567642
221.875 0.121616
222.0 0.348561
222.125 0.558539
222.25 0.257139
222.375 0.632929
222.5 0.497777
222.625 0.430789
222.75 0.289338
222.875 0.593086
223.0 0.144697
223.125 1.135860
223.25 0.491451
223.375 0.644004
223.5 0.522781
223.625 0.709847
223.75 0.219280
223.875 0.338896
224.0 1.052215
224.125 0.710464
224.25 0.355997
224.375 0.275721
224.5 0.352455
224.625 0.557887
224.75 0.644316
224.875 0.244199
225.0 0.545083
225.125 0.270446
225.25 0.857562
225.375 0.575229
225.5 0.414946
225.625 0.196643
225.75 0.413356
225.875 0.380958
226.0 0.537269
226.125 0.450085
226.25 0.478315
226.375 0.211436
226.5 0.279671
226.625 0.387787
226.75 0.426131
226.875 0.258045
227.0 0.311995
227.125 0.507778
227.25 0.779901
227.375 0.456059
227.5 0.589154
227.625 1.181856
227.75 0.380409
227.875 0.483347
228.0 0.626298
228.125 0.271870
228.25 1.057620
228.375 0.039538
228.5 0.279086
228.625 0.514186
228.75 0.156621
228.875 0.128193
229.0 0.333215
229.125 0.524269
229.25 0.139747
229.375 0.273539
229.5 0.376012
229.625 0.336967
229.75 0.583977
229.875 0.660914
230.0 0.708467
230.125 0.429872
230.25 0.277617
230.375 0.254952
230.5 0.472978
230.625 0.056684
230.75 1.211039
230.875 0.520791
231.0 0.705685
231.125 0.398057
231.25 0.469650
231.375 0.316788
231.5 0.994070
231.625 0.539778
231.75 0.796232
231.875 0.340443
232.0 0.773010
232.125 0.327398
232.25 0.645273
232.375 0.410932
232.5 0.643907
232.625 0.767619
232.75 0.784294
232.875 0.191602
233.0 0.110705
233.125 0.322746
233.25 0.287846
233.375 0.678153
233.5 0.430858
233.625 0.380234
233.75 0.390306
233.875 0.440475
234.0 0.065183
234.125 0.218583
234.25 0.441789
234.375 0.199281
234.5 0.831166
234.625 0.148000
234.75 0.474878
234.875 0.061655
235.0 0.180313
235.125 0.496112
235.25 0.388115
235.375 0.060187
235.5 0.244636
235.625 0.400387
235.75 0.094900
235.875 0.316265
236.0 0.443462
236.125 0.265050
236.25 0.756760
236.375 0.206283
236.5 0.232995
236.625 0.072582
236.75 0.139571
236.875 0.054083
237.0 0.332220
237.125 0.466018
237.25 0.249520
237.375 0.898242
237.5 0.880681
237.625 0.877150
237.75 0.342348
237.875 0.311371
238.0 0.636495
238.125 0.519728
238.25 0.398365
238.375 0.381694
238.5 0.017951
238.625 0.506700
238.75 0.706756
238.875 0.298060
239.0 0.428067
239.125 0.402322
239.25 1.094750
239.375 0.651401
239.5 0.602460
239.625 0.357426
239.75 0.621038
239.875 0.330303
240.0 0.509021
240.125 0.353022
240.25 0.826224
240.375 0.418234
240.5 0.267850
240.625 0.468559
240.75 0.252806
240.875 0.177436
241.0 0.636990
241.125 0.187664
241.25 0.128728
241.375 0.195064
241.5 0.509775
241.625 0.265708
241.75 0.400345
241.875 0.307570
242.0 0.452872
242.125 0.423368
242.25 0.253516
242.375 0.700681
242.5 0.394964
242.625 0.519695
242.75 0.162998
242.875 0.214790
243.0 0.458548
243.125 0.574127
243.25 0.488011
243.375 0.259064
243.5 0.223372
243.625 0.252165
243.75 0.666681
243.875 0.610967
244.0 0.283000
244.125 0.135790
244.25 0.386660
244.375 0.325839
244.5 0.244199
244.625 0.426526
244.75 0.080966
244.875 0.524286
245.0 0.442662
245.125 0.435511
245.25 0.544899
245.375 0.451747
245.5 0.754329
245.625 0.991072
245.75 0.239820
245.875 0.233424
246.0 0.605253
246.125 0.429929
246.25 0.266172
246.375 0.600132
246.5 0.401231
246.625 0.039304
246.75 0.322396
246.875 0.748320
247.0 0.272922
247.125 0.521071
247.25 0.518299
247.375 0.300183
247.5 0.176441
247.625 0.461417
247.75 0.170859
247.875 0.235396
248.0 0.331430
248.125 0.462453
248.25 0.825707
248.375 0.221647
248.5 0.120869
248.625 0.273960
248.75 0.092471
248.875 0.384341
249.0 0.365396
249.125 0.165265
249.25 0.419368
249.375 0.509199
249.5 0.124850
249.625 0.308833
249.75 0.746172
249.875 0.255600
250.0 0.287273
250.125 0.812853
250.25 0.273972
250.375 0.284394
250.5 0.562226
250.625 0.487075
250.75 0.730384
250.875 0.123696
251.0 0.772820
251.125 0.188679
251.25 0.363543
251.375 0.377231
251.5 0.425669
251.625 0.398250
251.75 0.541899
251.875 0.721620
252.0 0.743629
252.125 0.409510
252.25 0.293451
252.375 0.140587
252.5 0.155220
252.625 0.257671
252.75 0.381925
252.875 0.476512
253.0 1.018947
253.125 0.590921
253.25 0.232824
253.375 0.372247
253.5 0.473760
253.625 0.283404
253.75 0.211341
253.875 0.347250
254.0 0.533557
254.125 0.029982
254.25 0.470237
254.375 0.717690
254.5 0.490835
254.625 0.574594
254.75 0.046089
254.875 0.386100
255.0 0.109162
255.125 0.303367
255.25 0.079893
255.375 0.537890
255.5 0.718950
255.625 0.498060
255.75 0.301206
255.875 0.215386
256.0 0.02357
