0 44318.806096
0.125 10.606840
0.25 12.312220
0.375 1.320023
0.5 9.594461
0.625 8.923209
0.75 7.487224
0.875 8.515069
1.0 2.979681
1.125 2.127292
1.25 8.379102
1.375 2.743072
1.5 15.829982
1.625 11.017044
1.75 15.829329
1.875 21.493604
2.0 10.651239
2.125 26.149733
2.25 1.118086
2.375 11.742206
2.5 13.365614
2.625 7.270883
2.75 14.221382
2.875 14.947441
3.0 23.277314
3.125 17.969323
3.25 7.379787
3.375 10.727205
3.5 10.085528
3.625 18.576378
3.75 2.745770
3.875 6.130952
4.0 10.996070
4.125 3.596629
4.25 12.537938
4.375 6.428384
4.5 15.133234
4.625 10.142492
4.75 5.496490
4.875 5.015696
5.0 7.543677
5.125 6.494209
5.25 5.208874
5.375 7.892064
5.5 3.643576
5.625 22.504207
5.75 3.874211
5.875 14.783403
6.0 30.262781
6.125 16.380270
6.25 7.842535
6.375 22.273561
6.5 17.882578
6.625 20.306996
6.75 33.726102
6.875 1.129768
7.0 34.492812
7.125 21.712137
7.25 25.299460
7.375 29.709197
7.5 8.185328
7.625 9.681719
7.75 11.377011
7.875 45.022981
8.0 16.069818
8.125 12.346446
8.25 35.409463
8.375 23.911781
8.5 27.877512
8.625 36.924144
8.75 11.086446
8.875 11.922489
9.0 9.411274
9.125 18.787589
9.25 26.607838
9.375 11.763170
9.5 14.699278
9.625 7.039435
9.75 12.627680
9.875 24.579288
10.0 7.019608
10.125 16.747538
10.25 10.881310
10.375 11.693372
10.5 4.717950
10.625 8.356527
10.75 4.688943
10.875 6.396333
11.0 1.508314
11.125 7.673230
11.25 3.716759
11.375 10.257747
11.5 4.278397
11.625 6.561055
11.75 8.356219
11.875 8.711178
12.0 3.707427
12.125 2.944896
12.25 11.793507
12.375 5.693327
12.5 6.895402
12.625 11.253050
12.75 13.612675
12.875 4.024120
13.0 7.229118
13.125 8.085535
13.25 1.154274
13.375 3.385354
13.5 4.090669
13.625 6.171008
13.75 5.107038
13.875 9.985044
14.0 3.118179
14.125 4.640056
14.25 7.306794
14.375 5.683625
14.5 1.518702
14.625 7.399413
14.75 6.395291
14.875 9.002694
15.0 1.944318
15.125 3.251547
15.25 7.982392
15.375 2.643453
15.5 5.985889
15.625 3.369006
15.75 7.626063
15.875 6.655176
16.0 4.882184
16.125 12.251594
16.25 5.987144
16.375 6.751533
16.5 1.430875
16.625 4.993341
16.75 0.579155
16.875 1.845212
17.0 4.805703
17.125 6.959840
17.25 8.969865
17.375 5.846363
17.5 3.169828
17.625 7.054267
17.75 3.132266
17.875 3.607930
18.0 7.361496
18.125 3.113353
18.25 2.129871
18.375 5.236730
18.5 5.027705
18.625 1.934050
18.75 7.762686
18.875 1.596042
19.0 3.163289
19.125 6.463787
19.25 3.968913
19.375 6.621247
19.5 4.509670
19.625 3.322088
19.75 7.450025
19.875 2.360917
20.0 5.451295
20.125 3.239179
20.25 5.755990
20.375 6.258326
20.5 1.721739
20.625 5.279445
20.75 13.140668
20.875 9.473495
21.0 3.074729
21.125 3.169515
21.25 5.285054
21.375 7.922436
21.5 11.128826
21.625 2.096263
21.75 2.277642
21.875 1.217229
22.0 1.759399
22.125 4.403426
22.25 3.241715
22.375 7.540836
22.5 2.566520
22.625 9.350579
22.75 3.331839
22.875 1.976011
23.0 6.547936
23.125 7.773797
23.25 4.578691
23.375 7.733891
23.5 10.437798
23.625 5.834795
23.75 1.836250
23.875 9.294049
24.0 2.687685
24.125 4.749091
24.25 2.244752
24.375 6.691815
24.5 6.081986
24.625 6.188803
24.75 3.730164
24.875 6.254023
25.0 3.139346
25.125 2.733025
25.25 3.894189
25.375 4.497828
25.5 8.014118
25.625 6.086719
25.75 2.387984
25.875 6.358801
26.0 8.913153
26.125 10.206626
26.25 6.532678
26.375 1.838388
26.5 7.599086
26.625 2.595609
26.75 2.909635
26.875 4.842210
27.0 2.160757
27.125 2.817754
27.25 6.690442
27.375 8.747099
27.5 4.232982
27.625 8.720568
27.75 5.495064
27.875 7.588147
28.0 13.784388
28.125 4.149873
28.25 5.662377
28.375 2.722020
28.5 2.899890
28.625 9.337614
28.75 4.020669
28.875 1.865402
29.0 3.781411
29.125 4.304344
29.25 0.338429
29.375 9.565420
29.5 2.219556
29.625 5.512061
29.75 4.533015
29.875 6.046036
30.0 2.321958
30.125 6.615073
30.25 3.652290
30.375 3.030765
30.5 3.444170
30.625 5.397301
30.75 7.627493
30.875 4.132025
31.0 5.397352
31.125 1.517948
31.25 2.244980
31.375 5.621321
31.5 4.253520
31.625 2.976649
31.75 3.165840
31.875 4.767912
32.0 4.387760
32.125 4.363678
32.25 5.916107
32.375 6.867736
32.5 2.641112
32.625 4.934505
32.75 4.640820
32.875 2.211316
33.0 3.498288
33.125 4.497421
33.25 1.440288
33.375 4.508972
33.5 3.094745
33.625 0.414716
33.75 0.887344
33.875 1.817052
34.0 3.630816
34.125 2.343249
34.25 2.368853
34.375 1.752905
34.5 1.397236
34.625 0.825647
34.75 4.559213
34.875 2.538016
35.0 4.313414
35.125 1.872419
35.25 2.933374
35.375 5.239687
35.5 2.621650
35.625 4.350920
35.75 2.616245
35.875 3.971247
36.0 4.260268
36.125 2.066696
36.25 4.039778
36.375 3.482972
36.5 3.118559
36.625 4.233817
36.75 3.487801
36.875 5.329351
37.0 2.810228
37.125 1.480047
37.25 4.554498
37.375 4.968795
37.5 4.988875
37.625 5.011909
37.75 7.040610
37.875 2.195688
38.0 4.228658
38.125 2.199018
38.25 4.825613
38.375 2.759172
38.5 5.954243
38.625 0.649771
38.75 7.677639
38.875 3.909832
39.0 4.768165
39.125 5.410132
39.25 4.156415
39.375 8.553632
39.5 3.009096
39.625 7.499797
39.75 6.878344
39.875 8.511121
40.0 1.566561
40.125 2.996237
40.25 5.708008
40.375 5.220556
40.5 6.175685
40.625 1.304512
40.75 7.013865
40.875 3.436279
41.0 6.269832
41.125 2.563692
41.25 3.178125
41.375 3.840998
41.5 1.006791
41.625 1.857499
41.75 1.522322
41.875 3.111096
42.0 3.315796
42.125 4.533525
42.25 2.136038
42.375 3.840160
42.5 2.535863
42.625 7.079038
42.75 3.080735
42.875 1.744357
43.0 2.393700
43.125 4.830436
43.25 2.471491
43.375 6.109099
43.5 1.412321
43.625 6.905012
43.75 4.058143
43.875 1.216063
44.0 5.656719
44.125 5.083280
44.25 7.566189
44.375 4.725169
44.5 3.756162
44.625 4.403059
44.75 4.577063
44.875 5.470875
45.0 0.234475
45.125 1.264417
45.25 6.548405
45.375 2.230062
45.5 7.129018
45.625 2.236988
45.75 6.511270
45.875 1.923153
46.0 8.080894
46.125 1.711115
46.25 4.742096
46.375 3.096001
46.5 5.689874
46.625 2.397393
46.75 0.336219
46.875 2.266814
47.0 0.856537
47.125 6.497053
47.25 0.678983
47.375 3.755639
47.5 4.455656
47.625 0.493326
47.75 1.391627
47.875 3.512161
48.0 3.381555
48.125 6.908953
48.25 3.310551
48.375 6.399045
48.5 5.504359
48.625 4.741117
48.75 2.078028
48.875 6.094122
49.0 7.240771
49.125 1.145116
49.25 0.664223
49.375 2.001619
49.5 3.830359
49.625 7.829216
49.75 1.822372
49.875 1.070496
50.0 3.347894
50.125 1.775732
50.25 5.692760
50.375 5.174916
50.5 1.655247
50.625 2.956054
50.75 1.753740
50.875 4.655208
51.0 3.455353
51.125 0.820373
51.25 3.733132
51.375 4.131364
51.5 3.399383
51.625 6.648225
51.75 3.557278
51.875 1.145113
52.0 5.020999
52.125 3.189436
52.25 3.875267
52.375 3.114067
52.5 1.913551
52.625 1.598256
52.75 2.938475
52.875 4.095184
53.0 1.751459
53.125 2.068663
53.25 2.685990
53.375 4.331622
53.5 4.496453
53.625 3.312011
53.75 4.926412
53.875 7.523056
54.0 2.738125
54.125 1.694192
54.25 5.417977
54.375 2.364617
54.5 3.369108
54.625 1.882080
54.75 2.063275
54.875 3.614204
55.0 2.383913
55.125 3.875484
55.25 2.533108
55.375 4.758761
55.5 2.248470
55.625 2.611470
55.75 4.058056
55.875 2.080204
56.0 3.615035
56.125 5.150533
56.25 2.562366
56.375 1.779348
56.5 1.017096
56.625 1.733034
56.75 2.387079
56.875 5.307907
57.0 1.328205
57.125 1.679767
57.25 5.812458
57.375 4.202713
57.5 4.790011
57.625 1.926144
57.75 1.739213
57.875 2.928833
58.0 2.848451
58.125 1.390675
58.25 3.646045
58.375 5.040130
58.5 2.167707
58.625 3.344704
58.75 5.022451
58.875 6.707194
59.0 4.291429
59.125 6.077413
59.25 2.044967
59.375 1.745903
59.5 6.395645
59.625 6.109404
59.75 7.109513
59.875 1.490265
60.0 1.526603
60.125 3.801102
60.25 1.584353
60.375 3.706384
60.5 1.829201
60.625 3.429290
60.75 3.410523
60.875 3.463975
61.0 5.964108
61.125 2.790233
61.25 7.674622
61.375 0.191188
61.5 3.700223
61.625 2.434359
61.75 3.532648
61.875 3.393072
62.0 2.000977
62.125 1.725505
62.25 2.553157
62.375 4.104465
62.5 3.890061
62.625 2.608611
62.75 1.411855
62.875 0.870121
63.0 6.452618
63.125 2.124910
63.25 2.169951
63.375 2.977399
63.5 4.613429
63.625 2.308460
63.75 3.533560
63.875 0.793899
64.0 5.208255
64.125 8.524001
64.25 2.214244
64.375 0.434450
64.5 3.156964
64.625 4.095152
64.75 2.990740
64.875 4.434331
65.0 2.637373
65.125 3.206090
65.25 4.180720
65.375 1.811171
65.5 2.662460
65.625 1.002147
65.75 1.591000
65.875 1.915773
66.0 1.406252
66.125 2.860784
66.25 2.817639
66.375 5.065821
66.5 1.884327
66.625 5.425894
66.75 2.211326
66.875 1.838209
67.0 1.909342
67.125 2.992871
67.25 2.494168
67.375 2.931377
67.5 4.689519
67.625 4.571833
67.75 1.369268
67.875 1.328448
68.0 2.751977
68.125 3.174253
68.25 4.070953
68.375 2.254924
68.5 3.110424
68.625 2.951650
68.75 0.445158
68.875 3.915099
69.0 1.819249
69.125 2.933412
69.25 2.856173
69.375 0.629768
69.5 3.297046
69.625 4.139914
69.75 1.969890
69.875 2.029449
70.0 0.978331
70.125 4.330000
70.25 4.686164
70.375 1.988558
70.5 1.716320
70.625 2.795564
70.75 1.760543
70.875 2.167764
71.0 2.219757
71.125 3.563024
71.25 3.705505
71.375 3.600641
71.5 1.636122
71.625 1.787519
71.75 1.501688
71.875 3.175651
72.0 3.045180
72.125 1.246674
72.25 2.082182
72.375 1.265244
72.5 2.371806
72.625 3.333174
72.75 3.789825
72.875 2.881961
73.0 3.766173
73.125 2.538250
73.25 2.426515
73.375 0.888030
73.5 3.881262
73.625 2.240438
73.75 5.316825
73.875 1.754577
74.0 2.307053
74.125 3.525046
74.25 2.332644
74.375 3.994153
74.5 2.428416
74.625 0.655972
74.75 1.188144
74.875 0.946459
75.0 3.114155
75.125 1.440619
75.25 0.779650
75.375 1.313060
75.5 2.432804
75.625 1.677961
75.75 0.993266
75.875 1.968986
76.0 2.148120
76.125 1.914292
76.25 3.734694
76.375 4.437475
76.5 2.264643
76.625 2.665280
76.75 0.650635
76.875 4.368470
77.0 3.229326
77.125 3.231966
77.25 0.488113
77.375 3.231395
77.5 2.144630
77.625 1.872449
77.75 1.881039
77.875 2.799909
78.0 0.663261
78.125 1.151671
78.25 0.515559
78.375 2.125575
78.5 1.289757
78.625 3.283250
78.75 0.162775
78.875 0.878884
79.0 1.667193
79.125 0.030373
79.25 4.845898
79.375 2.095880
79.5 1.245150
79.625 2.087166
79.75 3.947954
79.875 0.685107
80.0 1.401892
80.125 2.962822
80.25 1.127472
80.375 1.531771
80.5 3.513604
80.625 2.066439
80.75 3.007312
80.875 1.480693
81.0 2.706092
81.125 1.656215
81.25 2.225942
81.375 2.740493
81.5 2.225494
81.625 0.925659
81.75 1.648276
81.875 1.491986
82.0 1.435157
82.125 1.837355
82.25 1.624465
82.375 3.469524
82.5 3.063003
82.625 3.326511
82.75 2.409992
82.875 2.194569
83.0 0.692872
83.125 1.438260
83.25 3.454006
83.375 2.148614
83.5 2.540433
83.625 2.786036
83.75 1.930387
83.875 1.249693
84.0 0.319069
84.125 1.156127
84.25 3.361443
84.375 0.392148
84.5 1.154639
84.625 4.293407
84.75 2.744561
84.875 1.101986
85.0 2.973056
85.125 2.614659
85.25 0.641057
85.375 0.964565
85.5 2.622501
85.625 2.866981
85.75 1.573017
85.875 0.617074
86.0 1.391190
86.125 0.835173
86.25 2.013175
86.375 2.279422
86.5 1.572805
86.625 0.567763
86.75 2.365378
86.875 0.938745
87.0 0.787654
87.125 1.639219
87.25 2.060391
87.375 1.031736
87.5 0.908609
87.625 2.874077
87.75 1.305874
87.875 1.771674
88.0 1.399295
88.125 1.703540
88.25 1.242474
88.375 0.269761
88.5 0.640403
88.625 1.901483
88.75 2.523155
88.875 1.496925
89.0 1.633290
89.125 1.451126
89.25 1.239663
89.375 2.692294
89.5 0.810493
89.625 4.791859
89.75 0.838266
89.875 0.767529
90.0 1.812378
90.125 2.239635
90.25 1.231699
90.375 3.278042
90.5 2.187679
90.625 2.498368
90.75 0.636029
90.875 2.929136
91.0 3.462294
91.125 0.714795
91.25 1.641998
91.375 0.381841
91.5 2.474299
91.625 0.236540
91.75 3.138734
91.875 0.967948
92.0 1.563921
92.125 0.791264
92.25 1.365419
92.375 2.044077
92.5 0.491594
92.625 2.623050
92.75 2.462400
92.875 1.213849
93.0 1.191069
93.125 1.426186
93.25 1.899464
93.375 0.270095
93.5 2.259924
93.625 1.223553
93.75 4.459632
93.875 2.326449
94.0 0.999328
94.125 1.447473
94.25 0.879736
94.375 0.704006
94.5 1.244528
94.625 4.551493
94.75 0.983789
94.875 0.959140
95.0 3.280613
95.125 2.704719
95.25 1.016943
95.375 0.586283
95.5 0.493198
95.625 0.445691
95.75 0.611841
95.875 2.408430
96.0 1.151925
96.125 1.128432
96.25 3.218029
96.375 2.363463
96.5 2.499011
96.625 1.338244
96.75 1.113691
96.875 0.532182
97.0 1.313636
97.125 0.840042
97.25 1.837264
97.375 2.026378
97.5 3.890926
97.625 1.259494
97.75 1.682151
97.875 1.424799
98.0 3.053208
98.125 1.562083
98.25 0.267613
98.375 0.496850
98.5 0.694448
98.625 1.019989
98.75 2.896588
98.875 2.773241
99.0 2.256105
99.125 2.153269
99.25 0.671892
99.375 0.955470
99.5 0.815236
99.625 2.002818
99.75 0.746159
99.875 1.660773
100.0 1.515320
100.125 1.832540
100.25 1.439963
100.375 1.874461
100.5 0.479269
100.625 1.801870
100.75 1.675305
100.875 1.140466
101.0 2.012848
101.125 0.633214
101.25 1.241229
101.375 0.720549
101.5 4.398499
101.625 1.140000
101.75 1.109903
101.875 0.976903
102.0 0.848928
102.125 3.392425
102.25 2.639379
102.375 1.673295
102.5 1.092821
102.625 1.761408
102.75 3.331444
102.875 0.560991
103.0 0.564802
103.125 0.971696
103.25 0.361417
103.375 1.785051
103.5 1.035150
103.625 1.363990
103.75 1.940075
103.875 0.247200
104.0 1.495984
104.125 0.772954
104.25 2.382608
104.375 2.240625
104.5 1.398419
104.625 2.674620
104.75 0.517351
104.875 0.325640
105.0 3.614679
105.125 1.500119
105.25 2.563118
105.375 2.738415
105.5 2.479658
105.625 2.893536
105.75 0.553412
105.875 1.847469
106.0 2.466800
106.125 2.248141
106.25 0.951365
106.375 3.413438
106.5 1.856142
106.625 2.392685
106.75 1.964743
106.875 0.509119
107.0 1.823748
107.125 2.033530
107.25 1.107329
107.375 3.132656
107.5 2.845449
107.625 2.152570
107.75 2.000891
107.875 0.766276
108.0 2.244113
108.125 1.242936
108.25 1.408090
108.375 3.944517
108.5 1.308792
108.625 1.702364
108.75 0.960819
108.875 3.591660
109.0 1.333321
109.125 1.023353
109.25 1.563771
109.375 2.810002
109.5 1.690670
109.625 0.937922
109.75 0.850414
109.875 1.225137
110.0 1.825817
110.125 1.003584
110.25 0.497973
110.375 2.280047
110.5 2.727334
110.625 1.776230
110.75 1.120507
110.875 2.187451
111.0 3.178169
111.125 0.413696
111.25 2.082432
111.375 2.868251
111.5 0.328461
111.625 0.892418
111.75 1.407760
111.875 1.279171
112.0 1.754049
112.125 1.535174
112.25 2.058219
112.375 1.748200
112.5 1.320844
112.625 1.393253
112.75 2.189659
112.875 1.803788
113.0 0.463360
113.125 1.781471
113.25 1.611767
113.375 1.569845
113.5 0.787333
113.625 1.471842
113.75 2.915019
113.875 2.138742
114.0 2.019851
114.125 3.549190
114.25 0.789515
114.375 0.773914
114.5 0.896297
114.625 2.948362
114.75 2.294358
114.875 1.406691
115.0 1.349584
115.125 1.286767
115.25 0.461493
115.375 1.039278
115.5 0.956779
115.625 1.085348
115.75 2.121993
115.875 1.491348
116.0 0.903168
116.125 1.478394
116.25 0.587010
116.375 2.025235
116.5 2.242552
116.625 2.123381
116.75 1.846316
116.875 1.673937
117.0 2.969894
117.125 0.912691
117.25 1.757857
117.375 3.121382
117.5 1.188609
117.625 2.632188
117.75 1.481637
117.875 0.786527
118.0 1.700004
118.125 0.394902
118.25 2.539912
118.375 1.572526
118.5 3.324080
118.625 3.403543
118.75 0.691807
118.875 0.848753
119.0 1.430193
119.125 3.855458
119.25 2.050327
119.375 1.788819
119.5 2.640260
119.625 0.829384
119.75 1.963517
119.875 0.406382
120.0 0.921940
120.125 0.676473
120.25 0.432820
120.375 1.355415
120.5 1.377201
120.625 0.310212
120.75 2.743829
120.875 3.003358
121.0 2.321181
121.125 2.041385
121.25 1.093309
121.375 1.956543
121.5 0.768697
121.625 1.658993
121.75 2.311746
121.875 1.116160
122.0 2.375313
122.125 0.374086
122.25 0.612879
122.375 3.207734
122.5 2.678196
122.625 0.799688
122.75 1.497546
122.875 0.615815
123.0 0.601431
123.125 3.167057
123.25 5.547402
123.375 1.534095
123.5 2.504613
123.625 2.986454
123.75 1.928693
123.875 1.002954
124.0 0.450840
124.125 1.231899
124.25 1.541288
124.375 2.925868
124.5 2.928346
124.625 1.712272
124.75 2.100377
124.875 1.744679
125.0 2.937066
125.125 1.557926
125.25 1.623148
125.375 2.141494
125.5 0.999278
125.625 2.433451
125.75 1.178893
125.875 0.847692
126.0 1.791278
126.125 2.116163
126.25 0.809949
126.375 1.169887
126.5 1.154537
126.625 2.504022
126.75 2.751495
126.875 1.347392
127.0 2.834342
127.125 1.175905
127.25 1.096635
127.375 2.720456
127.5 1.338032
127.625 1.977488
127.75 2.326952
127.875 3.295766
128.0 3.513410
128.125 2.309026
128.25 2.692005
128.375 3.327842
128.5 1.385842
128.625 0.857016
128.75 3.117719
128.875 2.634576
129.0 2.039679
129.125 1.010104
129.25 1.420436
129.375 1.232192
129.5 2.627185
129.625 1.873887
129.75 1.308892
129.875 3.891287
130.0 3.881291
130.125 0.294012
130.25 0.806103
130.375 0.476086
130.5 1.015008
130.625 1.659156
130.75 2.278720
130.875 2.638685
131.0 1.632753
131.125 1.827353
131.25 1.276285
131.375 3.933745
131.5 3.617626
131.625 2.836205
131.75 1.884494
131.875 2.964652
132.0 2.659104
132.125 1.699492
132.25 1.279610
132.375 3.355978
132.5 1.025973
132.625 0.273054
132.75 1.216741
132.875 1.175280
133.0 0.980348
133.125 3.012312
133.25 1.649705
133.375 0.564176
133.5 2.787090
133.625 0.894370
133.75 1.171042
133.875 2.130628
134.0 1.520029
134.125 0.984649
134.25 1.537039
134.375 2.528772
134.5 1.246060
134.625 1.621612
134.75 1.205738
134.875 3.314791
135.0 3.217334
135.125 1.197951
135.25 2.783841
135.375 0.905872
135.5 1.754387
135.625 1.808185
135.75 1.139297
135.875 2.165768
136.0 1.340372
136.125 1.478698
136.25 2.231735
136.375 2.499348
136.5 2.123495
136.625 0.629397
136.75 1.556306
136.875 0.064583
137.0 1.459718
137.125 1.322988
137.25 2.223674
137.375 0.941399
137.5 1.475138
137.625 1.045706
137.75 3.289994
137.875 2.795200
138.0 2.191396
138.125 1.805869
138.25 2.402264
138.375 0.411411
138.5 1.643889
138.625 1.029741
138.75 0.744058
138.875 0.023820
139.0 2.005876
139.125 1.361138
139.25 1.089662
139.375 3.695227
139.5 1.024498
139.625 1.269708
139.75 2.147293
139.875 2.524460
140.0 4.280974
140.125 1.149721
140.25 1.225699
140.375 2.288926
140.5 2.853696
140.625 1.398265
140.75 0.262951
140.875 1.123725
141.0 3.802950
141.125 3.553044
141.25 0.395041
141.375 3.244516
141.5 1.215100
141.625 2.008598
141.75 1.996028
141.875 2.583336
142.0 1.569367
142.125 1.606233
142.25 1.937253
142.375 1.899597
142.5 1.459241
142.625 1.461637
142.75 0.518835
142.875 2.337015
143.0 1.072008
143.125 0.460729
143.25 2.572248
143.375 2.914441
143.5 1.290190
143.625 2.203763
143.75 2.319717
143.875 1.751522
144.0 0.976993
144.125 1.785583
144.25 1.665722
144.375 0.886016
144.5 2.011275
144.625 1.334150
144.75 1.387300
144.875 1.243700
145.0 1.180592
145.125 2.351658
145.25 2.660029
145.375 0.622234
145.5 1.236483
145.625 0.864644
145.75 3.268288
145.875 1.501762
146.0 2.626624
146.125 2.198221
146.25 2.608645
146.375 1.889842
146.5 1.696914
146.625 0.830436
146.75 3.596061
146.875 1.900836
147.0 1.074487
147.125 1.826825
147.25 2.982210
147.375 3.822851
147.5 2.843789
147.625 1.997427
147.75 0.977155
147.875 0.941357
148.0 0.762823
148.125 0.869213
148.25 2.388640
148.375 2.396304
148.5 0.668221
148.625 1.525853
148.75 0.545873
148.875 2.488775
149.0 0.853248
149.125 1.367414
149.25 0.602917
149.375 0.620026
149.5 1.486441
149.625 2.321327
149.75 2.237102
149.875 1.407064
150.0 1.236275
150.125 2.104960
150.25 2.336095
150.375 1.278221
150.5 3.035872
150.625 1.524690
150.75 2.847808
150.875 2.165611
151.0 3.179056
151.125 1.666563
151.25 3.286002
151.375 3.781791
151.5 1.843400
151.625 2.372722
151.75 2.204826
151.875 1.811451
152.0 1.799204
152.125 0.891216
152.25 2.004667
152.375 1.925610
152.5 0.314632
152.625 0.725018
152.75 0.968738
152.875 2.292264
153.0 2.583061
153.125 3.840597
153.25 3.414981
153.375 1.622289
153.5 2.595739
153.625 2.035694
153.75 1.068628
153.875 0.852831
154.0 2.087927
154.125 1.281446
154.25 3.226563
154.375 0.718036
154.5 2.335690
154.625 2.533252
154.75 0.515576
154.875 0.965166
155.0 1.641201
155.125 2.192582
155.25 1.501411
155.375 2.551055
155.5 4.363836
155.625 1.870547
155.75 1.460323
155.875 2.588392
156.0 1.044954
156.125 0.872473
156.25 2.326704
156.375 2.021041
156.5 0.145963
156.625 1.415657
156.75 0.082208
156.875 1.930340
157.0 0.972980
157.125 1.617099
157.25 2.081195
157.375 2.114020
157.5 1.372388
157.625 1.634415
157.75 1.975922
157.875 2.579414
158.0 0.993000
158.125 2.511128
158.25 1.742663
158.375 0.796461
158.5 0.707019
158.625 0.584517
158.75 0.783858
158.875 2.300615
159.0 1.390062
159.125 2.896420
159.25 1.748370
159.375 2.373920
159.5 2.507062
159.625 3.660754
159.75 0.126839
159.875 1.542602
160.0 0.756243
160.125 1.814112
160.25 1.801398
160.375 2.030710
160.5 2.197620
160.625 2.805423
160.75 1.942743
160.875 1.002585
161.0 0.845759
161.125 1.759151
161.25 1.516667
161.375 1.120139
161.5 1.012076
161.625 1.453402
161.75 2.275382
161.875 0.579964
162.0 1.623186
162.125 0.997238
162.25 1.914076
162.375 1.066773
162.5 1.000049
162.625 2.520349
162.75 0.552174
162.875 3.357513
163.0 1.691210
163.125 1.637197
163.25 1.344425
163.375 0.627189
163.5 1.694670
163.625 1.996772
163.75 0.669237
163.875 3.166586
164.0 1.987575
164.125 0.215923
164.25 1.933225
164.375 0.716037
164.5 2.214814
164.625 1.900458
164.75 1.374531
164.875 0.833474
165.0 2.431023
165.125 0.304215
165.25 1.786209
165.375 2.169575
165.5 1.756935
165.625 1.620863
165.75 1.464178
165.875 1.233464
166.0 1.451096
166.125 2.079338
166.25 2.130329
166.375 0.721974
166.5 1.049819
166.625 1.362140
166.75 0.229857
166.875 1.137868
167.0 0.299467
167.125 0.646138
167.25 2.749928
167.375 0.545354
167.5 2.324471
167.625 2.926688
167.75 1.040020
167.875 0.672367
168.0 0.882188
168.125 0.968980
168.25 0.461109
168.375 0.353243
168.5 1.653340
168.625 0.357112
168.75 0.559704
168.875 2.046623
169.0 3.279348
169.125 1.934613
169.25 0.263144
169.375 0.638012
169.5 1.102973
169.625 1.990939
169.75 1.312626
169.875 0.780909
170.0 1.031323
170.125 2.803179
170.25 0.963146
170.375 0.842280
170.5 1.296106
170.625 1.685602
170.75 1.091224
170.875 0.192347
171.0 0.932357
171.125 1.139934
171.25 2.731861
171.375 2.494668
171.5 1.343974
171.625 1.587300
171.75 0.932916
171.875 2.104630
172.0 0.377200
172.125 1.737645
172.25 1.372449
172.375 2.029854
172.5 0.439661
172.625 0.750548
172.75 1.687250
172.875 2.035002
173.0 2.107202
173.125 2.644841
173.25 1.088072
173.375 0.831416
173.5 0.379437
173.625 0.768815
173.75 1.158277
173.875 0.653817
174.0 1.161410
174.125 1.209559
174.25 2.101974
174.375 2.129568
174.5 1.194245
174.625 1.802984
174.75 2.150016
174.875 2.200321
175.0 1.920278
175.125 0.783166
175.25 1.005808
175.375 0.914661
175.5 0.846490
175.625 0.821473
175.75 1.279901
175.875 0.590831
176.0 1.667982
176.125 2.300201
176.25 3.195174
176.375 0.281406
176.5 1.588693
176.625 2.025314
176.75 1.281983
176.875 1.486436
177.0 1.446980
177.125 1.163885
177.25 2.022053
177.375 0.116718
177.5 0.609732
177.625 0.393982
177.75 0.832963
177.875 0.827686
178.0 0.499914
178.125 1.961319
178.25 1.912611
178.375 1.159277
178.5 1.767862
178.625 1.742232
178.75 1.687447
178.875 0.517088
179.0 1.487697
179.125 1.324106
179.25 2.076258
179.375 1.999058
179.5 1.226613
179.625 0.838408
179.75 2.082229
179.875 0.115603
180.0 2.854323
180.125 1.302529
180.25 0.718261
180.375 1.257989
180.5 0.956462
180.625 1.292775
180.75 0.241256
180.875 1.144469
181.0 1.662221
181.125 1.772390
181.25 0.611103
181.375 0.778213
181.5 0.357880
181.625 1.524332
181.75 0.891068
181.875 0.527193
182.0 1.207329
182.125 0.426090
182.25 0.818007
182.375 0.326648
182.5 0.691477
182.625 1.187793
182.75 1.828028
182.875 0.979917
183.0 1.659761
183.125 2.210503
183.25 0.898832
183.375 2.073513
183.5 1.922053
183.625 0.380420
183.75 0.630170
183.875 0.708181
184.0 1.495145
184.125 0.950681
184.25 0.191020
184.375 0.795643
184.5 0.763841
184.625 0.610807
184.75 0.468077
184.875 1.838347
185.0 1.434891
185.125 1.243086
185.25 1.041736
185.375 1.065243
185.5 0.242608
185.625 1.382361
185.75 0.215514
185.875 1.308875
186.0 0.892661
186.125 0.619256
186.25 1.754235
186.375 0.449098
186.5 0.645812
186.625 1.565177
186.75 0.779168
186.875 0.865784
187.0 1.424950
187.125 1.319844
187.25 1.181976
187.375 0.627294
187.5 1.253808
187.625 0.345660
187.75 1.052128
187.875 0.958907
188.0 1.035817
188.125 0.111389
188.25 1.374346
188.375 1.362493
188.5 1.202336
188.625 1.442454
188.75 0.473843
188.875 1.742785
189.0 0.614909
189.125 0.516231
189.25 0.502586
189.375 0.466354
189.5 1.557608
189.625 0.937057
189.75 0.802568
189.875 0.161088
190.0 0.874412
190.125 0.753224
190.25 0.877170
190.375 0.716311
190.5 0.430573
190.625 0.178504
190.75 0.505539
190.875 0.787234
191.0 2.349052
191.125 0.407141
191.25 1.153576
191.375 0.573150
191.5 0.236071
191.625 1.320363
191.75 1.106229
191.875 1.548564
192.0 0.066701
192.125 0.659133
192.25 0.830839
192.375 1.161964
192.5 1.542825
192.625 1.386142
192.75 0.702452
192.875 0.901459
193.0 0.805084
193.125 1.078606
193.25 1.141280
193.375 0.925760
193.5 0.800611
193.625 0.217086
193.75 0.403527
193.875 0.904766
194.0 0.193796
194.125 0.428330
194.25 0.396013
194.375 0.996325
194.5 0.460063
194.625 0.586956
194.75 1.005667
194.875 0.090276
195.0 0.618522
195.125 0.623150
195.25 0.423255
195.375 0.426924
195.5 0.890532
195.625 0.891405
195.75 1.626939
195.875 0.582103
196.0 1.002786
196.125 0.382601
196.25 1.031502
196.375 0.741041
196.5 0.667373
196.625 0.923866
196.75 0.804276
196.875 1.185418
197.0 1.448919
197.125 1.655421
197.25 0.720296
197.375 0.615037
197.5 0.518788
197.625 0.643267
197.75 0.563401
197.875 1.118388
198.0 0.739895
198.125 1.479756
198.25 1.173174
198.375 0.668591
198.5 0.475228
198.625 0.803894
198.75 0.981465
198.875 0.606407
199.0 0.293409
199.125 1.032334
199.25 0.289049
199.375 0.963035
199.5 0.582385
199.625 0.423019
199.75 1.696013
199.875 1.513205
200.0 0.881117
200.125 0.317799
200.25 0.612760
200.375 0.699592
200.5 0.474611
200.625 0.260100
200.75 0.721759
200.875 1.216638
201.0 0.904682
201.125 1.190362
201.25 0.178441
201.375 1.560963
201.5 0.238876
201.625 0.744631
201.75 1.317750
201.875 1.305824
202.0 0.452113
202.125 2.033316
202.25 0.861460
202.375 1.670593
202.5 1.498852
202.625 0.600910
202.75 0.483731
202.875 0.632046
203.0 0.458270
203.125 1.681919
203.25 0.285225
203.375 1.754555
203.5 0.604126
203.625 0.750511
203.75 0.105486
203.875 0.816619
204.0 0.444724
204.125 0.602261
204.25 0.733201
204.375 1.519516
204.5 1.168409
204.625 0.441975
204.75 0.941715
204.875 0.722372
205.0 0.458635
205.125 0.226882
205.25 0.595688
205.375 0.690536
205.5 0.168799
205.625 0.995485
205.75 0.547806
205.875 0.060310
206.0 0.641856
206.125 0.498336
206.25 0.150237
206.375 0.040779
206.5 1.515445
206.625 1.185063
206.75 0.562342
206.875 1.048042
207.0 1.337615
207.125 0.112731
207.25 0.423607
207.375 0.103395
207.5 0.326378
207.625 0.577086
207.75 0.173320
207.875 0.233271
208.0 1.237108
208.125 1.198171
208.25 0.203027
208.375 0.911845
208.5 0.140519
208.625 0.216315
208.75 0.712600
208.875 0.126323
209.0 0.378794
209.125 0.222287
209.25 0.307893
209.375 0.637124
209.5 0.160382
209.625 0.846910
209.75 0.470311
209.875 0.568612
210.0 0.438707
210.125 0.887490
210.25 0.562277
210.375 0.750281
210.5 0.509546
210.625 0.408754
210.75 0.273216
210.875 0.627542
211.0 0.707841
211.125 0.953639
211.25 1.429977
211.375 0.502019
211.5 0.976901
211.625 0.223059
211.75 0.818077
211.875 0.075564
212.0 0.672280
212.125 0.537242
212.25 0.250165
212.375 0.502804
212.5 0.056523
212.625 0.426239
212.75 1.187693
212.875 0.397072
213.0 0.528172
213.125 0.585198
213.25 1.038594
213.375 0.400162
213.5 0.662132
213.625 0.677586
213.75 1.125866
213.875 0.629188
214.0 0.167443
214.125 0.660330
214.25 1.095223
214.375 0.981275
214.5 1.528776
214.625 0.429533
214.75 0.718636
214.875 0.556453
215.0 1.064941
215.125 1.759072
215.25 0.651582
215.375 0.708151
215.5 0.655771
215.625 0.940226
215.75 1.314240
215.875 0.583810
216.0 0.785763
216.125 1.187997
216.25 0.733485
216.375 0.349252
216.5 0.840921
216.625 0.369119
216.75 0.487933
216.875 1.022208
217.0 0.421402
217.125 0.608331
217.25 1.061119
217.375 0.680568
217.5 0.378367
217.625 0.415189
217.75 1.006065
217.875 0.513830
218.0 0.640332
218.125 0.633339
218.25 1.264790
218.375 1.191503
218.5 0.810884
218.625 0.684986
218.75 1.407422
218.875 0.652438
219.0 1.030543
219.125 1.082229
219.25 0.566724
219.375 0.257300
219.5 1.067220
219.625 0.684269
219.75 0.454937
219.875 1.133854
220.0 0.203485
220.125 0.496595
220.25 0.300551
220.375 0.808500
220.5 0.352525
220.625 0.444422
220.75 0.895189
220.875 0.093134
221.0 1.361677
221.125 0.530107
221.25 0.266360
221.375 1.031194
221.5 0.129677
221.625 0.839066
221.75 0.569890
221.875 0.943613
222.0 0.583137
222.125 1.008264
222.25 0.661982
222.375 0.170956
222.5 0.732412
222.625 0.796490
222.75 0.680628
222.875 0.733834
223.0 0.678448
223.125 0.332869
223.25 0.510034
223.375 0.396389
223.5 0.402677
223.625 1.103792
223.75 0.273249
223.875 0.431834
224.0 0.516093
224.125 0.387491
224.25 0.385187
224.375 0.317223
224.5 0.164328
224.625 0.164533
224.75 0.644465
224.875 0.518611
225.0 1.118968
225.125 0.310978
225.25 0.301444
225.375 1.172682
225.5 0.405415
225.625 0.670802
225.75 0.937507
225.875 0.304027
226.0 0.950535
226.125 0.364215
226.25 1.039260
226.375 0.757790
226.5 0.983170
226.625 0.190810
226.75 0.435568
226.875 0.838302
227.0 0.686133
227.125 0.893511
227.25 0.973447
227.375 0.649116
227.5 1.075755
227.625 0.621941
227.75 0.610409
227.875 0.105918
228.0 1.223962
228.125 0.453484
228.25 1.472492
228.375 0.840077
228.5 0.377320
228.625 1.125812
228.75 0.820491
228.875 1.276977
229.0 0.937784
229.125 0.316834
229.25 0.350834
229.375 0.277751
229.5 0.362743
229.625 0.618213
229.75 0.148521
229.875 1.069380
230.0 0.114071
230.125 0.742418
230.25 0.925517
230.375 0.330244
230.5 0.051402
230.625 0.278731
230.75 0.683824
230.875 0.614505
231.0 0.833983
231.125 0.535833
231.25 0.966818
231.375 1.562956
231.5 0.424601
231.625 1.154128
231.75 0.797969
231.875 0.971372
232.0 0.238530
232.125 1.281221
232.25 1.283854
232.375 1.137978
232.5 0.567471
232.625 0.710421
232.75 0.494665
232.875 0.247844
233.0 0.904934
233.125 0.525083
233.25 0.434727
233.375 1.192668
233.5 1.650819
233.625 0.277420
233.75 1.078503
233.875 0.545205
234.0 0.463101
234.125 1.726437
234.25 0.535739
234.375 0.366037
234.5 0.563671
234.625 0.445211
234.75 0.448127
234.875 0.675947
235.0 0.185627
235.125 0.496170
235.25 1.244384
235.375 0.721355
235.5 0.375613
235.625 0.524110
235.75 0.547716
235.875 0.603782
236.0 0.792855
236.125 0.844448
236.25 0.653010
236.375 0.300871
236.5 1.047373
236.625 0.188363
236.75 0.840470
236.875 1.209727
237.0 0.762907
237.125 0.249473
237.25 0.492537
237.375 0.365929
237.5 0.781868
237.625 0.544327
237.75 0.770243
237.875 0.703106
238.0 0.340487
238.125 0.496310
238.25 0.431681
238.375 0.464178
238.5 0.276460
238.625 0.708069
238.75 0.678911
238.875 0.343893
239.0 1.028677
239.125 0.682481
239.25 1.439350
239.375 0.627771
239.5 0.191487
239.625 0.737449
239.75 0.759353
239.875 0.140074
240.0 0.367926
240.125 0.676356
240.25 0.576105
240.375 0.982798
240.5 0.280654
240.625 0.872250
240.75 0.387653
240.875 0.480589
241.0 1.163157
241.125 0.708788
241.25 0.698758
241.375 0.373541
241.5 0.601249
241.625 0.478471
241.75 0.194155
241.875 0.848302
242.0 0.882550
242.125 0.245802
242.25 0.565071
242.375 0.337624
242.5 0.472125
242.625 1.002982
242.75 0.291811
242.875 0.287311
243.0 0.755976
243.125 0.393385
243.25 0.405862
243.375 0.487383
243.5 0.424891
243.625 0.052210
243.75 0.564089
243.875 0.663495
244.0 0.731210
244.125 0.726056
244.25 0.116230
244.375 0.710379
244.5 1.045531
244.625 0.720869
244.75 0.077568
244.875 0.219459
245.0 0.210082
245.125 0.288962
245.25 0.307450
245.375 0.739635
245.5 0.756861
245.625 0.216133
245.75 0.897534
245.875 0.239264
246.0 0.254862
246.125 0.838023
246.25 0.500558
246.375 0.585404
246.5 0.131033
246.625 0.435968
246.75 0.405634
246.875 0.285962
247.0 0.649080
247.125 0.804977
247.25 0.702216
247.375 0.442919
247.5 0.651885
247.625 0.580134
247.75 0.173936
247.875 1.099462
248.0 0.348633
248.125 0.981977
248.25 1.056526
248.375 0.809372
248.5 0.602959
248.625 0.503813
248.75 0.616609
248.875 0.209397
249.0 0.320320
249.125 0.378328
249.25 0.164566
249.375 0.784666
249.5 0.231939
249.625 0.805774
249.75 0.445893
249.875 0.480222
250.0 0.277308
250.125 0.445320
250.25 0.780039
250.375 0.727035
250.5 0.872734
250.625 0.734609
250.75 1.144269
250.875 0.447065
251.0 0.051269
251.125 0.427639
251.25 0.958653
251.375 0.741934
251.5 0.620691
251.625 0.583426
251.75 0.892305
251.875 0.228732
252.0 0.787441
252.125 0.927034
252.25 0.155695
252.375 0.218558
252.5 0.773147
252.625 0.623789
252.75 0.310833
252.875 0.615516
253.0 0.553112
253.125 0.495266
253.25 0.461274
253.375 0.758565
253.5 0.460610
253.625 0.778891
253.75 0.954826
253.875 0.534856
254.0 0.454381
254.125 0.703512
254.25 0.197506
254.375 1.186433
254.5 0.354862
254.625 0.953321
254.75 0.680925
254.875 1.134491
255.0 0.643456
255.125 0.113163
255.25 0.381846
255.375 0.572344
255.5 0.936515
255.625 0.510508
255.75 0.797211
255.875 1.102170
256.0 0.079757
