0 44326.807059
0.125 6.625135
0.25 11.748809
0.375 33.759600
0.5 42.460686
0.625 59.648578
0.75 15.116373
0.875 20.919888
1.0 35.897322
1.125 39.318490
1.25 18.700943
1.375 10.001236
1.5 30.202639
1.625 60.639477
1.75 29.313035
1.875 49.928005
2.0 15.506801
2.125 10.753938
2.25 22.225187
2.375 23.090209
2.5 35.815019
2.625 19.296611
2.75 42.029884
2.875 27.990673
3.0 32.461622
3.125 27.607026
3.25 7.547755
3.375 58.304802
3.5 50.652156
3.625 7.483340
3.75 10.955909
3.875 18.737786
4.0 21.132286
4.125 32.404801
4.25 17.657796
4.375 19.924846
4.5 22.750402
4.625 22.727054
4.75 26.797601
4.875 29.112897
5.0 16.898652
5.125 14.634198
5.25 26.419214
5.375 21.398530
5.5 23.348112
5.625 3.907274
5.75 8.750227
5.875 8.650225
6.0 6.869264
6.125 29.623507
6.25 25.410524
6.375 24.303995
6.5 9.349997
6.625 19.433901
6.75 17.826295
6.875 3.111015
7.0 18.721575
7.125 19.773334
7.25 11.618382
7.375 9.181349
7.5 13.268724
7.625 37.530487
7.75 9.047347
7.875 11.250594
8.0 16.301002
8.125 12.655811
8.25 26.059130
8.375 32.416291
8.5 7.562291
8.625 17.190695
8.75 15.187428
8.875 25.558658
9.0 11.266236
9.125 6.409199
9.25 12.913640
9.375 3.461016
9.5 15.331854
9.625 19.949381
9.75 11.804318
9.875 11.965909
10.0 10.636407
10.125 18.723884
10.25 16.409165
10.375 15.749860
10.5 21.458015
10.625 14.712955
10.75 13.583011
10.875 4.772814
11.0 11.845945
11.125 8.525657
11.25 6.641431
11.375 10.907638
11.5 14.558705
11.625 3.253287
11.75 8.775288
11.875 12.097432
12.0 12.215831
12.125 11.662693
12.25 1.975339
12.375 17.261779
12.5 3.924366
12.625 5.537151
12.75 15.550220
12.875 16.078583
13.0 0.591173
13.125 13.580711
13.25 13.878765
13.375 12.143718
13.5 14.166321
13.625 5.485480
13.75 7.774614
13.875 7.559296
14.0 3.017032
14.125 5.368748
14.25 10.562823
14.375 4.442729
14.5 8.605995
14.625 7.675772
14.75 5.400217
14.875 1.939807
15.0 17.594191
15.125 4.640193
15.25 8.641242
15.375 6.739386
15.5 7.284859
15.625 7.716502
15.75 11.789228
15.875 2.246100
16.0 0.580649
16.125 7.371084
16.25 3.732143
16.375 7.800011
16.5 5.859503
16.625 8.472145
16.75 5.074399
16.875 10.818101
17.0 12.119038
17.125 5.666008
17.25 5.861313
17.375 10.543013
17.5 5.376563
17.625 7.931726
17.75 2.763614
17.875 5.993760
18.0 3.274911
18.125 2.856792
18.25 7.750399
18.375 4.056531
18.5 4.676961
18.625 1.713361
18.75 5.936299
18.875 10.507450
19.0 6.833313
19.125 3.495129
19.25 5.818147
19.375 3.212509
19.5 2.654999
19.625 4.715217
19.75 4.791659
19.875 2.900984
20.0 1.500335
20.125 2.736201
20.25 11.861394
20.375 6.420976
20.5 3.981131
20.625 1.958098
20.75 1.393232
20.875 4.301524
21.0 3.742511
21.125 3.109606
21.25 1.289446
21.375 1.489972
21.5 6.843073
21.625 4.085742
21.75 2.465318
21.875 1.000344
22.0 2.926987
22.125 6.396928
22.25 4.795607
22.375 4.585334
22.5 0.788714
22.625 3.205443
22.75 3.813300
22.875 6.424555
23.0 3.271843
23.125 4.868935
23.25 5.777439
23.375 1.893601
23.5 3.532928
23.625 4.714217
23.75 7.865623
23.875 3.304134
24.0 5.575914
24.125 7.117476
24.25 1.819939
24.375 8.936903
24.5 1.119829
24.625 0.932132
24.75 2.049724
24.875 1.179049
25.0 6.433617
25.125 4.737027
25.25 2.451570
25.375 9.057269
25.5 3.509668
25.625 2.752613
25.75 8.411114
25.875 4.426136
26.0 3.363985
26.125 1.942732
26.25 2.101234
26.375 1.320155
26.5 4.710523
26.625 2.936765
26.75 0.851994
26.875 7.156424
27.0 2.293213
27.125 5.441916
27.25 2.823620
27.375 0.905455
27.5 0.822865
27.625 1.706761
27.75 3.103829
27.875 1.842210
28.0 1.606115
28.125 3.714508
28.25 1.946699
28.375 3.204906
28.5 2.429548
28.625 6.549055
28.75 5.565068
28.875 4.058950
29.0 5.039789
29.125 6.613848
29.25 3.798690
29.375 4.024282
29.5 5.644130
29.625 2.580888
29.75 6.396636
29.875 8.270173
30.0 4.810561
30.125 5.342178
30.25 5.386857
30.375 7.603531
30.5 6.430435
30.625 4.960656
30.75 4.479197
30.875 5.139502
31.0 2.309565
31.125 1.444148
31.25 3.070828
31.375 5.160336
31.5 0.797378
31.625 2.309724
31.75 2.535123
31.875 2.136186
32.0 4.016294
32.125 5.044830
32.25 3.380389
32.375 1.756727
32.5 4.324144
32.625 0.496017
32.75 4.386919
32.875 2.515422
33.0 6.159708
33.125 3.600319
33.25 3.038752
33.375 2.406289
33.5 1.896069
33.625 3.185623
33.75 3.874000
33.875 4.146272
34.0 3.112575
34.125 3.139371
34.25 1.211614
34.375 6.406488
34.5 2.716727
34.625 3.933013
34.75 3.424465
34.875 4.314087
35.0 2.655447
35.125 4.111160
35.25 3.312991
35.375 0.987638
35.5 3.305517
35.625 4.139374
35.75 0.547456
35.875 2.154823
36.0 4.077338
36.125 3.305948
36.25 2.751010
36.375 0.613551
36.5 1.681871
36.625 3.094564
36.75 3.968773
36.875 3.445879
37.0 2.910935
37.125 3.313101
37.25 1.476794
37.375 4.700451
37.5 0.953137
37.625 5.234021
37.75 2.425563
37.875 2.261844
38.0 3.700515
38.125 3.139144
38.25 1.638213
38.375 4.666575
38.5 3.699672
38.625 2.638356
38.75 1.740300
38.875 0.975222
39.0 5.396559
39.125 2.564683
39.25 2.198641
39.375 2.184821
39.5 0.118287
39.625 5.154057
39.75 1.936436
39.875 1.892469
40.0 2.869285
40.125 5.664938
40.25 6.124206
40.375 4.767154
40.5 4.670940
40.625 2.880207
40.75 1.969535
40.875 0.895656
41.0 3.362614
41.125 5.312567
41.25 2.985239
41.375 6.253759
41.5 5.360198
41.625 4.978778
41.75 2.406125
41.875 1.220756
42.0 2.112808
42.125 3.073933
42.25 2.076117
42.375 4.652387
42.5 2.679272
42.625 3.995780
42.75 2.992619
42.875 2.732202
43.0 3.479823
43.125 1.450731
43.25 2.339030
43.375 1.483663
43.5 1.649471
43.625 1.521989
43.75 0.917885
43.875 2.201930
44.0 1.606955
44.125 2.378883
44.25 1.694741
44.375 0.815380
44.5 0.966796
44.625 0.625619
44.75 1.552088
44.875 3.399724
45.0 0.925927
45.125 3.198633
45.25 4.665087
45.375 1.012553
45.5 2.470471
45.625 1.968604
45.75 3.433571
45.875 1.374504
46.0 3.645543
46.125 4.104790
46.25 4.548491
46.375 2.974980
46.5 4.422574
46.625 4.556383
46.75 0.854711
46.875 1.175502
47.0 6.245812
47.125 2.055937
47.25 5.775182
47.375 5.219810
47.5 6.065294
47.625 4.438507
47.75 4.515343
47.875 4.983248
48.0 3.634002
48.125 1.712124
48.25 5.478812
48.375 2.931039
48.5 0.759261
48.625 2.681299
48.75 2.614712
48.875 1.902378
49.0 2.477183
49.125 0.821782
49.25 5.463339
49.375 1.840876
49.5 1.625328
49.625 4.380552
49.75 2.916267
49.875 2.445415
50.0 4.151459
50.125 2.786328
50.25 1.325026
50.375 4.540813
50.5 5.124192
50.625 5.311393
50.75 4.097958
50.875 3.626750
51.0 4.723649
51.125 1.398286
51.25 3.344958
51.375 1.300221
51.5 2.762100
51.625 3.012184
51.75 2.689456
51.875 3.460039
52.0 0.469382
52.125 0.722397
52.25 1.911920
52.375 1.181376
52.5 2.081852
52.625 2.327210
52.75 1.762630
52.875 2.755433
53.0 1.109989
53.125 1.465845
53.25 1.422476
53.375 1.060729
53.5 3.260025
53.625 1.037514
53.75 2.297253
53.875 3.009558
54.0 1.950710
54.125 2.719639
54.25 4.949995
54.375 3.216285
54.5 1.947600
54.625 3.165131
54.75 2.668056
54.875 1.337037
55.0 2.214240
55.125 2.208123
55.25 1.124010
55.375 1.313592
55.5 0.969192
55.625 1.976455
55.75 2.850660
55.875 0.744893
56.0 1.188377
56.125 2.626228
56.25 0.706395
56.375 1.033120
56.5 1.484935
56.625 2.366844
56.75 1.459852
56.875 1.826641
57.0 2.437546
57.125 1.374906
57.25 2.765386
57.375 1.467616
57.5 3.222687
57.625 2.863971
57.75 0.777703
57.875 2.471516
58.0 1.539200
58.125 2.259252
58.25 1.887109
58.375 0.964859
58.5 1.092404
58.625 2.253380
58.75 1.794708
58.875 1.251549
59.0 1.111982
59.125 2.795402
59.25 2.052402
59.375 1.353621
59.5 1.695965
59.625 1.618774
59.75 1.704078
59.875 1.736823
60.0 2.932921
60.125 4.730419
60.25 1.726955
60.375 0.841878
60.5 2.364675
60.625 2.292670
60.75 2.321125
60.875 2.038524
61.0 1.914821
61.125 2.653939
61.25 1.332262
61.375 0.865479
61.5 1.085377
61.625 2.034075
61.75 1.431216
61.875 1.339115
62.0 2.317629
62.125 2.632854
62.25 1.275153
62.375 0.395786
62.5 1.810287
62.625 2.611327
62.75 2.513456
62.875 2.184043
63.0 1.144794
63.125 0.824545
63.25 1.924263
63.375 4.031463
63.5 0.638790
63.625 2.091629
63.75 1.262760
63.875 2.531405
64.0 2.809586
64.125 1.189386
64.25 1.167564
64.375 0.645389
64.5 2.462924
64.625 0.861632
64.75 0.782320
64.875 2.456284
65.0 2.133190
65.125 0.497855
65.25 1.263672
65.375 1.890594
65.5 1.728551
65.625 0.759945
65.75 3.025832
65.875 2.590217
66.0 1.057413
66.125 2.584593
66.25 1.107187
66.375 2.887902
66.5 0.909821
66.625 1.376663
66.75 2.292553
66.875 2.082653
67.0 0.399437
67.125 0.940121
67.25 1.061917
67.375 1.376647
67.5 3.343084
67.625 0.593375
67.75 1.592212
67.875 1.596909
68.0 1.318053
68.125 1.185629
68.25 1.268375
68.375 1.185316
68.5 1.680887
68.625 2.208191
68.75 2.099218
68.875 2.036831
69.0 0.476973
69.125 1.073596
69.25 2.292660
69.375 1.100335
69.5 1.784500
69.625 0.274841
69.75 1.950906
69.875 1.998672
70.0 1.735644
70.125 3.118621
70.25 1.451303
70.375 3.271588
70.5 1.236281
70.625 1.142248
70.75 1.392274
70.875 1.933502
71.0 0.947266
71.125 3.952123
71.25 4.102501
71.375 0.816680
71.5 3.071344
71.625 1.831014
71.75 2.776661
71.875 0.601087
72.0 2.047694
72.125 3.358167
72.25 0.805432
72.375 1.074450
72.5 0.684826
72.625 1.173922
72.75 0.554314
72.875 1.833701
73.0 1.055526
73.125 1.134805
73.25 2.342062
73.375 0.886826
73.5 2.469176
73.625 1.248881
73.75 0.854972
73.875 1.098328
74.0 1.395341
74.125 0.224793
74.25 0.777338
74.375 1.627453
74.5 2.314985
74.625 1.767782
74.75 0.330467
74.875 2.043325
75.0 1.665267
75.125 3.182263
75.25 1.627049
75.375 1.743355
75.5 2.012047
75.625 1.513376
75.75 2.357247
75.875 0.768125
76.0 1.409326
76.125 1.182937
76.25 0.471456
76.375 0.281394
76.5 0.305012
76.625 1.386513
76.75 1.288184
76.875 1.843183
77.0 0.532038
77.125 1.396455
77.25 1.177355
77.375 1.024013
77.5 1.603591
77.625 1.337566
77.75 1.722229
77.875 1.907224
78.0 0.368300
78.125 0.573769
78.25 0.930397
78.375 1.705027
78.5 2.994229
78.625 1.337529
78.75 3.561519
78.875 2.313004
79.0 0.920084
79.125 0.770514
79.25 1.198713
79.375 1.238348
79.5 1.379544
79.625 2.118999
79.75 2.192239
79.875 2.364508
80.0 3.105989
80.125 0.256281
80.25 3.812097
80.375 1.668112
80.5 3.599105
80.625 0.058614
80.75 2.461967
80.875 0.063124
81.0 1.700641
81.125 1.197193
81.25 3.968201
81.375 3.266217
81.5 1.062193
81.625 1.764580
81.75 0.648785
81.875 1.559860
82.0 1.515398
82.125 1.927272
82.25 2.048263
82.375 1.696105
82.5 0.504063
82.625 2.250098
82.75 1.020843
82.875 0.820388
83.0 1.037576
83.125 0.688653
83.25 1.419953
83.375 0.769852
83.5 1.988970
83.625 0.426811
83.75 1.568558
83.875 1.593868
84.0 2.063761
84.125 1.355976
84.25 0.740802
84.375 0.645969
84.5 2.156355
84.625 0.768999
84.75 0.988786
84.875 1.279507
85.0 1.123879
85.125 1.441509
85.25 1.821404
85.375 0.515438
85.5 2.735674
85.625 0.291723
85.75 1.580006
85.875 1.340053
86.0 1.305033
86.125 1.014220
86.25 0.483206
86.375 1.182245
86.5 0.875892
86.625 1.481169
86.75 1.529913
86.875 1.071310
87.0 1.668843
87.125 0.639465
87.25 0.895405
87.375 2.168036
87.5 1.453001
87.625 1.428678
87.75 1.499995
87.875 1.795008
88.0 0.500525
88.125 1.603071
88.25 0.888539
88.375 1.330971
88.5 1.205300
88.625 0.897547
88.75 2.052929
88.875 1.004947
89.0 0.515481
89.125 1.931979
89.25 0.578577
89.375 0.540719
89.5 0.926092
89.625 0.533870
89.75 0.298852
89.875 1.529171
90.0 1.986961
90.125 2.437493
90.25 2.816271
90.375 4.005224
90.5 2.762946
90.625 2.797414
90.75 0.753744
90.875 1.208674
91.0 2.558036
91.125 0.666783
91.25 2.394274
91.375 3.091266
91.5 3.430667
91.625 0.916955
91.75 2.718407
91.875 2.119183
92.0 1.253997
92.125 0.856527
92.25 0.533706
92.375 0.440214
92.5 1.994728
92.625 0.940857
92.75 0.638626
92.875 0.491380
93.0 0.400354
93.125 1.654351
93.25 0.675209
93.375 0.350962
93.5 1.480338
93.625 0.617341
93.75 2.590102
93.875 1.208772
94.0 0.491277
94.125 0.695014
94.25 0.708445
94.375 1.517319
94.5 0.671268
94.625 0.097612
94.75 1.256093
94.875 0.135604
95.0 0.919097
95.125 1.162562
95.25 0.537585
95.375 0.913361
95.5 1.205045
95.625 0.345679
95.75 1.043565
95.875 0.035739
96.0 2.008292
96.125 0.600527
96.25 2.278364
96.375 0.090490
96.5 1.315092
96.625 1.534623
96.75 0.673470
96.875 0.656854
97.0 0.981766
97.125 1.353818
97.25 0.437682
97.375 0.690193
97.5 0.453558
97.625 1.262122
97.75 0.592160
97.875 1.353169
98.0 0.111887
98.125 0.511725
98.25 0.747854
98.375 0.895324
98.5 1.009332
98.625 1.180221
98.75 1.529921
98.875 0.987526
99.0 1.192564
99.125 0.876732
99.25 1.193847
99.375 0.985662
99.5 1.093542
99.625 0.594807
99.75 2.272723
99.875 2.174890
100.0 1.635601
100.125 1.015585
100.25 2.631085
100.375 4.159152
100.5 1.407917
100.625 2.536234
100.75 2.058095
100.875 1.255839
101.0 2.259224
101.125 0.270108
101.25 1.007067
101.375 1.776665
101.5 0.454402
101.625 2.650113
101.75 1.504687
101.875 2.651889
102.0 1.404735
102.125 1.188071
102.25 1.301468
102.375 2.307877
102.5 1.084941
102.625 2.384533
102.75 1.335047
102.875 1.463691
103.0 0.918262
103.125 0.373010
103.25 1.428264
103.375 1.440630
103.5 1.246136
103.625 1.748617
103.75 0.975647
103.875 1.301654
104.0 1.956799
104.125 1.044890
104.25 0.553316
104.375 0.479661
104.5 0.499943
104.625 0.596413
104.75 1.549262
104.875 0.974265
105.0 0.540254
105.125 0.816394
105.25 0.837555
105.375 1.871321
105.5 0.802268
105.625 0.537001
105.75 0.544643
105.875 0.615261
106.0 0.634679
106.125 0.947751
106.25 1.578415
106.375 0.180164
106.5 1.178949
106.625 1.222005
106.75 1.553842
106.875 0.555723
107.0 1.183578
107.125 0.184587
107.25 1.645780
107.375 0.656596
107.5 1.243465
107.625 1.299563
107.75 1.289967
107.875 1.660772
108.0 0.481589
108.125 1.498122
108.25 0.690390
108.375 1.445294
108.5 0.830333
108.625 1.134221
108.75 1.466214
108.875 1.409509
109.0 1.274097
109.125 0.722263
109.25 0.312891
109.375 0.784913
109.5 0.442995
109.625 1.474329
109.75 1.342877
109.875 0.384327
110.0 1.950402
110.125 2.031728
110.25 0.828683
110.375 0.888772
110.5 1.402686
110.625 1.076305
110.75 0.550027
110.875 0.486589
111.0 0.421613
111.125 0.942721
111.25 0.584338
111.375 0.470182
111.5 1.819443
111.625 0.961396
111.75 1.373480
111.875 1.386589
112.0 0.953718
112.125 1.929494
112.25 0.574715
112.375 0.600643
112.5 2.653123
112.625 1.167665
112.75 2.495162
112.875 1.250688
113.0 1.719060
113.125 1.966080
113.25 0.120597
113.375 0.840534
113.5 1.172727
113.625 0.661164
113.75 0.957821
113.875 0.362916
114.0 0.692108
114.125 1.450866
114.25 1.441501
114.375 1.716497
114.5 1.852183
114.625 0.133051
114.75 1.255998
114.875 0.704767
115.0 0.839186
115.125 1.270546
115.25 1.762966
115.375 0.760074
115.5 0.934875
115.625 1.104322
115.75 1.026627
115.875 0.700395
116.0 1.172112
116.125 1.034763
116.25 1.452921
116.375 1.428889
116.5 0.836456
116.625 1.345727
116.75 0.770252
116.875 0.937271
117.0 1.397307
117.125 0.428777
117.25 0.489672
117.375 0.845291
117.5 0.492713
117.625 2.064139
117.75 0.618638
117.875 1.366948
118.0 0.670442
118.125 0.389597
118.25 0.591254
118.375 0.543890
118.5 0.713630
118.625 0.812904
118.75 0.820459
118.875 0.777403
119.0 1.504210
119.125 1.450592
119.25 0.873833
119.375 0.735345
119.5 1.123393
119.625 1.102224
119.75 2.100484
119.875 2.023845
120.0 1.904363
120.125 2.176259
120.25 2.578857
120.375 0.258143
120.5 0.925707
120.625 2.886811
120.75 0.994423
120.875 0.686757
121.0 0.576796
121.125 1.376887
121.25 1.925126
121.375 1.528037
121.5 0.738596
121.625 3.953018
121.75 0.770428
121.875 1.675437
122.0 1.305771
122.125 2.171527
122.25 2.557230
122.375 0.355768
122.5 1.173846
122.625 1.399639
122.75 0.316321
122.875 1.835322
123.0 0.239857
123.125 0.153003
123.25 1.620796
123.375 0.408214
123.5 0.994117
123.625 0.631906
123.75 1.444482
123.875 1.568898
124.0 0.534117
124.125 0.964910
124.25 0.273307
124.375 0.491730
124.5 0.937025
124.625 0.519862
124.75 1.079200
124.875 0.842118
125.0 0.799668
125.125 0.330770
125.25 0.974181
125.375 0.356205
125.5 0.450056
125.625 1.324532
125.75 0.813451
125.875 0.563559
126.0 1.265108
126.125 0.465335
126.25 1.954981
126.375 0.936821
126.5 0.806815
126.625 0.465830
126.75 2.278448
126.875 1.226452
127.0 1.067875
127.125 0.861647
127.25 0.765659
127.375 0.584378
127.5 0.305913
127.625 0.764761
127.75 0.724922
127.875 1.072102
128.0 1.008979
128.125 0.779534
128.25 1.171536
128.375 0.723071
128.5 1.284548
128.625 1.523593
128.75 1.717305
128.875 1.008107
129.0 0.477957
129.125 0.416407
129.25 1.396907
129.375 0.742835
129.5 0.529944
129.625 0.987750
129.75 0.947867
129.875 1.346774
130.0 0.951159
130.125 1.205049
130.25 1.756381
130.375 1.883715
130.5 0.891012
130.625 1.780225
130.75 0.759058
130.875 1.706902
131.0 0.114810
131.125 0.353895
131.25 2.444495
131.375 1.228957
131.5 1.619501
131.625 0.847948
131.75 1.278417
131.875 2.245090
132.0 2.068101
132.125 1.000715
132.25 1.902548
132.375 1.854651
132.5 0.814916
132.625 1.561871
132.75 0.430580
132.875 0.846979
133.0 0.492890
133.125 0.291228
133.25 0.302791
133.375 1.110405
133.5 0.996239
133.625 0.998177
133.75 0.209870
133.875 0.539356
134.0 1.087226
134.125 1.155518
134.25 0.376993
134.375 1.248939
134.5 1.239068
134.625 0.766235
134.75 0.548231
134.875 0.492196
135.0 0.316274
135.125 0.816716
135.25 0.703371
135.375 0.424920
135.5 0.339026
135.625 0.928532
135.75 0.117790
135.875 0.823380
136.0 0.714809
136.125 0.857108
136.25 1.236578
136.375 0.585610
136.5 0.959983
136.625 0.766762
136.75 0.401202
136.875 0.124450
137.0 0.219536
137.125 0.453962
137.25 0.336901
137.375 0.948794
137.5 0.599235
137.625 0.364468
137.75 1.364342
137.875 0.707324
138.0 0.823442
138.125 0.179909
138.25 0.379754
138.375 1.224974
138.5 0.292263
138.625 0.423522
138.75 0.440501
138.875 0.648397
139.0 0.408513
139.125 1.028969
139.25 0.870230
139.375 0.236522
139.5 0.767293
139.625 0.486133
139.75 0.347920
139.875 2.054973
140.0 0.761886
140.125 0.510772
140.25 1.174691
140.375 1.725976
140.5 1.298318
140.625 0.156357
140.75 0.971887
140.875 0.890244
141.0 1.925817
141.125 1.530335
141.25 0.278544
141.375 2.101791
141.5 0.923507
141.625 0.820044
141.75 1.629810
141.875 1.282464
142.0 0.774285
142.125 0.382151
142.25 0.245482
142.375 2.142090
142.5 2.413889
142.625 1.541094
142.75 1.738402
142.875 0.279835
143.0 0.450584
143.125 1.308644
143.25 0.393320
143.375 0.211481
143.5 1.412299
143.625 1.312174
143.75 2.191520
143.875 1.189212
144.0 0.955032
144.125 0.952999
144.25 0.519785
144.375 0.609484
144.5 0.323107
144.625 1.454186
144.75 1.456277
144.875 1.209555
145.0 0.453821
145.125 1.225950
145.25 0.238214
145.375 0.590499
145.5 0.988986
145.625 0.686589
145.75 0.683908
145.875 0.092619
146.0 0.786861
146.125 1.972047
146.25 0.979489
146.375 0.200157
146.5 0.591051
146.625 0.647109
146.75 0.636081
146.875 0.865739
147.0 0.252019
147.125 0.921549
147.25 0.367011
147.375 1.124377
147.5 1.057043
147.625 0.928007
147.75 0.573115
147.875 1.159378
148.0 0.638196
148.125 0.624347
148.25 0.300073
148.375 0.898800
148.5 0.334480
148.625 1.045176
148.75 0.520443
148.875 0.685176
149.0 1.566855
149.125 0.553913
149.25 0.390576
149.375 1.228338
149.5 0.712940
149.625 0.781799
149.75 0.505850
149.875 0.987777
150.0 1.242496
150.125 1.295201
150.25 0.712787
150.375 0.592655
150.5 1.405922
150.625 0.801686
150.75 1.131272
150.875 0.220578
151.0 1.201544
151.125 1.043860
151.25 0.742960
151.375 0.538706
151.5 0.976438
151.625 0.516457
151.75 0.947536
151.875 1.073388
152.0 1.282109
152.125 1.651427
152.25 0.338240
152.375 1.108294
152.5 0.736072
152.625 1.965962
152.75 0.815409
152.875 1.140522
153.0 0.718563
153.125 1.044775
153.25 0.801024
153.375 0.560900
153.5 0.273558
153.625 0.178536
153.75 0.925706
153.875 0.661954
154.0 0.846594
154.125 0.345996
154.25 0.595185
154.375 0.441752
154.5 0.259413
154.625 0.529509
154.75 1.105412
154.875 0.319744
155.0 0.832744
155.125 1.069225
155.25 0.340500
155.375 0.397504
155.5 1.180239
155.625 1.060835
155.75 0.180911
155.875 0.977306
156.0 0.547621
156.125 0.646372
156.25 0.467294
156.375 0.415707
156.5 0.334467
156.625 0.332771
156.75 0.232178
156.875 1.201713
157.0 0.566089
157.125 0.754128
157.25 1.083362
157.375 0.547467
157.5 0.656463
157.625 0.338010
157.75 0.756664
157.875 0.941943
158.0 0.402133
158.125 0.620761
158.25 0.464330
158.375 1.040039
158.5 1.120243
158.625 0.748528
158.75 1.147754
158.875 0.180971
159.0 0.999472
159.125 0.737199
159.25 1.209784
159.375 1.727854
159.5 0.358897
159.625 0.541460
159.75 0.928301
159.875 0.494119
160.0 0.236547
160.125 0.442873
160.25 0.490789
160.375 1.570663
160.5 1.029426
160.625 0.635969
160.75 1.179966
160.875 0.594096
161.0 0.732592
161.125 0.810540
161.25 0.767860
161.375 1.167874
161.5 0.901293
161.625 1.072043
161.75 0.710614
161.875 0.280939
162.0 0.063242
162.125 1.410345
162.25 1.198767
162.375 0.306471
162.5 0.777667
162.625 0.466258
162.75 1.742267
162.875 1.172323
163.0 1.640327
163.125 1.134734
163.25 0.926759
163.375 0.603164
163.5 0.374286
163.625 0.255850
163.75 0.283959
163.875 0.742405
164.0 0.479182
164.125 0.283851
164.25 0.576327
164.375 0.975629
164.5 0.806621
164.625 0.721077
164.75 0.396947
164.875 0.465551
165.0 0.455469
165.125 0.424866
165.25 0.658341
165.375 0.765761
165.5 0.683416
165.625 0.811742
165.75 1.335361
165.875 0.606525
166.0 0.570269
166.125 0.555652
166.25 0.881211
166.375 1.148245
166.5 0.504123
166.625 0.522443
166.75 0.390031
166.875 0.643353
167.0 1.325297
167.125 0.423356
167.25 0.952228
167.375 0.671288
167.5 0.348439
167.625 0.405345
167.75 1.124649
167.875 0.611024
168.0 1.456620
168.125 0.302683
168.25 0.553092
168.375 0.852696
168.5 0.628106
168.625 0.792247
168.75 0.923239
168.875 0.943850
169.0 0.479268
169.125 0.936138
169.25 0.341208
169.375 0.803386
169.5 0.260570
169.625 0.129386
169.75 0.897826
169.875 0.735329
170.0 0.446305
170.125 0.161388
170.25 1.458405
170.375 1.037687
170.5 1.014622
170.625 0.538117
170.75 1.732858
170.875 1.104493
171.0 1.282344
171.125 0.247604
171.25 0.702129
171.375 0.690276
171.5 0.433235
171.625 0.947736
171.75 0.313793
171.875 1.243400
172.0 0.348388
172.125 0.559689
172.25 0.821844
172.375 1.307323
172.5 0.288139
172.625 1.387122
172.75 1.414012
172.875 1.125301
173.0 0.844097
173.125 0.826445
173.25 1.060285
173.375 0.432883
173.5 0.057068
173.625 0.384562
173.75 0.333549
173.875 0.555567
174.0 0.796919
174.125 0.926112
174.25 0.432980
174.375 0.391516
174.5 0.778504
174.625 0.551368
174.75 0.417637
174.875 0.535425
175.0 0.648455
175.125 0.320236
175.25 0.366125
175.375 0.615049
175.5 0.960150
175.625 0.219440
175.75 0.089622
175.875 0.807023
176.0 0.380664
176.125 0.989714
176.25 0.144307
176.375 0.783080
176.5 0.178109
176.625 0.185201
176.75 0.576782
176.875 0.581044
177.0 0.119719
177.125 0.626010
177.25 1.341437
177.375 0.543572
177.5 0.324065
177.625 0.653732
177.75 1.037537
177.875 0.388504
178.0 0.690859
178.125 0.401387
178.25 0.369890
178.375 0.596393
178.5 0.803076
178.625 0.188180
178.75 0.457961
178.875 0.113982
179.0 0.373308
179.125 0.497753
179.25 0.222128
179.375 0.796497
179.5 0.778612
179.625 0.757712
179.75 0.399046
179.875 0.347409
180.0 0.806595
180.125 0.710404
180.25 0.618646
180.375 0.517877
180.5 0.388737
180.625 0.743726
180.75 0.677363
180.875 0.521455
181.0 0.469188
181.125 0.397806
181.25 0.894636
181.375 0.976277
181.5 0.419960
181.625 0.728624
181.75 0.720923
181.875 0.900528
182.0 0.190836
182.125 0.523015
182.25 0.632314
182.375 0.603740
182.5 0.525879
182.625 0.617590
182.75 0.957660
182.875 0.244417
183.0 0.559352
183.125 0.655176
183.25 1.120909
183.375 1.139406
183.5 0.224505
183.625 0.318765
183.75 0.549927
183.875 0.364243
184.0 0.166895
184.125 0.884196
184.25 0.342110
184.375 0.234388
184.5 0.881630
184.625 0.784559
184.75 0.870731
184.875 0.760357
185.0 0.303496
185.125 0.618720
185.25 0.454187
185.375 0.367189
185.5 0.712234
185.625 0.495755
185.75 0.711498
185.875 0.768980
186.0 0.441619
186.125 0.389444
186.25 0.481903
186.375 0.611442
186.5 0.308693
186.625 0.557361
186.75 0.283546
186.875 0.119818
187.0 0.519412
187.125 0.359724
187.25 0.821446
187.375 1.225660
187.5 0.211480
187.625 0.339893
187.75 0.939005
187.875 0.922492
188.0 0.041394
188.125 0.578941
188.25 0.399358
188.375 0.324794
188.5 0.428579
188.625 0.486568
188.75 1.054081
188.875 0.116053
189.0 0.517981
189.125 0.136943
189.25 1.146101
189.375 1.031351
189.5 0.407551
189.625 0.559254
189.75 0.182283
189.875 0.467398
190.0 0.551751
190.125 0.879678
190.25 0.437591
190.375 0.516151
190.5 0.668618
190.625 0.254849
190.75 0.678950
190.875 0.664974
191.0 0.385242
191.125 0.822667
191.25 0.092661
191.375 0.843588
191.5 0.546265
191.625 0.692798
191.75 0.569765
191.875 0.303577
192.0 1.070878
192.125 0.831824
192.25 0.366080
192.375 0.600485
192.5 0.144003
192.625 0.624444
192.75 0.482439
192.875 0.572359
193.0 0.599488
193.125 0.318875
193.25 0.228079
193.375 0.686988
193.5 1.306656
193.625 0.521702
193.75 0.382087
193.875 0.191107
194.0 0.241838
194.125 0.428039
194.25 0.161967
194.375 0.446054
194.5 0.453158
194.625 0.280932
194.75 0.647681
194.875 0.550519
195.0 0.798552
195.125 0.365124
195.25 0.501513
195.375 0.057289
195.5 0.316466
195.625 0.339727
195.75 0.683245
195.875 0.901030
196.0 0.681645
196.125 0.210483
196.25 0.473643
196.375 1.203820
196.5 0.367869
196.625 0.694606
196.75 0.727115
196.875 0.644979
197.0 0.738697
197.125 0.679399
197.25 0.401141
197.375 0.699044
197.5 0.579508
197.625 0.849550
197.75 0.434806
197.875 0.456864
198.0 0.156558
198.125 0.369245
198.25 0.409554
198.375 0.548443
198.5 0.534880
198.625 0.851463
198.75 0.499648
198.875 0.536062
199.0 0.526560
199.125 0.305112
199.25 0.696594
199.375 1.243980
199.5 0.503382
199.625 0.144968
199.75 0.192188
199.875 0.414154
200.0 0.750118
200.125 0.324294
200.25 0.605232
200.375 0.540300
200.5 0.141874
200.625 0.346614
200.75 0.563052
200.875 0.497200
201.0 0.241004
201.125 0.952313
201.25 0.725619
201.375 0.121531
201.5 0.468856
201.625 0.445846
201.75 0.391398
201.875 0.159140
202.0 0.273999
202.125 0.772359
202.25 0.729591
202.375 0.711219
202.5 0.201815
202.625 0.351608
202.75 0.773766
202.875 0.562362
203.0 0.445303
203.125 0.497474
203.25 0.745113
203.375 0.554869
203.5 0.770654
203.625 0.896099
203.75 0.433572
203.875 0.475963
204.0 0.330100
204.125 0.315007
204.25 1.026442
204.375 0.607641
204.5 0.345889
204.625 0.456834
204.75 0.488017
204.875 0.361918
205.0 0.029247
205.125 0.133477
205.25 0.459353
205.375 0.546215
205.5 0.275849
205.625 0.420259
205.75 0.427542
205.875 0.951508
206.0 0.429592
206.125 0.294841
206.25 0.406224
206.375 0.655875
206.5 0.396471
206.625 0.517766
206.75 0.262888
206.875 0.564598
207.0 0.201001
207.125 0.387698
207.25 0.505004
207.375 0.540588
207.5 0.152051
207.625 0.294795
207.75 0.932184
207.875 0.620317
208.0 0.198946
208.125 0.342939
208.25 0.455428
208.375 0.339980
208.5 0.568476
208.625 0.176859
208.75 0.638510
208.875 0.101587
209.0 0.430132
209.125 0.248630
209.25 0.655333
209.375 0.682799
209.5 0.231951
209.625 0.356793
209.75 0.128051
209.875 0.564501
210.0 0.354125
210.125 0.331569
210.25 0.437864
210.375 0.129649
210.5 0.378847
210.625 0.480545
210.75 0.268127
210.875 0.348889
211.0 0.665324
211.125 0.354540
211.25 0.600364
211.375 0.465713
211.5 0.619546
211.625 0.678211
211.75 0.958784
211.875 0.349621
212.0 1.037361
212.125 0.891692
212.25 0.429573
212.375 0.173894
212.5 0.514849
212.625 0.723098
212.75 0.605560
212.875 0.153624
213.0 1.357836
213.125 0.507948
213.25 0.582583
213.375 0.400074
213.5 0.553641
213.625 0.599317
213.75 0.429036
213.875 0.202724
214.0 0.280989
214.125 0.140190
214.25 0.192068
214.375 0.250944
214.5 0.568250
214.625 0.324097
214.75 0.490182
214.875 0.320077
215.0 0.576227
215.125 0.224691
215.25 0.604561
215.375 0.355843
215.5 0.079603
215.625 0.446351
215.75 0.448922
215.875 0.351984
216.0 0.708860
216.125 0.497430
216.25 0.577827
216.375 0.160909
216.5 0.562285
216.625 0.279957
216.75 0.504632
216.875 0.763533
217.0 0.851034
217.125 0.477538
217.25 0.177947
217.375 0.429753
217.5 0.573564
217.625 0.518218
217.75 0.290898
217.875 0.466302
218.0 0.039026
218.125 0.185519
218.25 0.731553
218.375 0.379939
218.5 0.447074
218.625 0.582019
218.75 0.061588
218.875 0.383714
219.0 0.394143
219.125 0.398112
219.25 0.402858
219.375 0.489348
219.5 0.306018
219.625 0.193847
219.75 0.413965
219.875 0.378473
220.0 0.112075
220.125 0.337450
220.25 0.320660
220.375 0.213803
220.5 0.520668
220.625 0.227581
220.75 0.366620
220.875 0.433286
221.0 0.326520
221.125 0.764894
221.25 0.473982
221.375 0.425881
221.5 0.640394
221.625 0.176676
221.75 0.170825
221.875 0.553598
222.0 0.397054
222.125 0.505031
222.25 0.346834
222.375 0.104854
222.5 0.467564
222.625 0.329662
222.75 0.151291
222.875 0.534663
223.0 0.537461
223.125 0.934596
223.25 0.720387
223.375 0.355693
223.5 0.636425
223.625 0.538944
223.75 0.229281
223.875 0.636497
224.0 0.543150
224.125 0.175911
224.25 0.186847
224.375 0.488828
224.5 0.763996
224.625 0.534405
224.75 0.328802
224.875 0.539029
225.0 0.521413
225.125 0.306951
225.25 0.610238
225.375 0.138225
225.5 0.249883
225.625 0.656785
225.75 0.397643
225.875 0.933763
226.0 0.428504
226.125 0.928170
226.25 0.502526
226.375 0.635091
226.5 0.195882
226.625 0.262502
226.75 0.356210
226.875 0.162365
227.0 0.294285
227.125 0.216149
227.25 0.599374
227.375 0.294790
227.5 0.401212
227.625 1.098464
227.75 0.039400
227.875 0.329149
228.0 0.273354
228.125 0.291822
228.25 1.132779
228.375 0.160054
228.5 0.589683
228.625 0.390399
228.75 0.335738
228.875 0.652221
229.0 0.416510
229.125 0.422371
229.25 0.144439
229.375 0.547494
229.5 0.086864
229.625 0.518258
229.75 0.715001
229.875 0.139329
230.0 0.839508
230.125 0.120731
230.25 0.585199
230.375 0.524234
230.5 0.586370
230.625 0.421994
230.75 0.528974
230.875 0.754904
231.0 0.253313
231.125 0.598254
231.25 0.553502
231.375 0.326772
231.5 0.731279
231.625 0.066869
231.75 0.414950
231.875 0.566155
232.0 0.168398
232.125 0.229834
232.25 0.300801
232.375 0.580789
232.5 0.665898
232.625 0.426928
232.75 0.161460
232.875 1.008308
233.0 0.655478
233.125 0.432764
233.25 0.495630
233.375 0.506960
233.5 0.825662
233.625 0.328971
233.75 0.270487
233.875 0.177207
234.0 0.731855
234.125 0.585454
234.25 0.408658
234.375 0.279735
234.5 0.145363
234.625 0.287715
234.75 0.659675
234.875 0.394370
235.0 0.244716
235.125 0.192360
235.25 0.604800
235.375 1.024244
235.5 0.227982
235.625 0.217836
235.75 0.738191
235.875 0.407216
236.0 0.735991
236.125 0.389134
236.25 0.196191
236.375 0.169977
236.5 0.525491
236.625 0.043908
236.75 0.180385
236.875 0.209718
237.0 0.303792
237.125 0.457073
237.25 0.410779
237.375 0.234382
237.5 0.602544
237.625 0.123751
237.75 0.306626
237.875 0.360538
238.0 0.327062
238.125 0.648533
238.25 0.206712
238.375 0.787177
238.5 0.346408
238.625 0.245629
238.75 0.585048
238.875 0.294264
239.0 0.341662
239.125 0.539795
239.25 0.668586
239.375 0.483788
239.5 0.594692
239.625 0.433162
239.75 0.411526
239.875 0.460630
240.0 0.156575
240.125 0.209798
240.25 0.242958
240.375 0.404709
240.5 0.057110
240.625 0.323693
240.75 0.194175
240.875 0.452780
241.0 0.111789
241.125 0.517034
241.25 0.478009
241.375 0.579061
241.5 0.524131
241.625 0.494642
241.75 0.298329
241.875 0.975999
242.0 0.304378
242.125 0.634904
242.25 0.401790
242.375 0.360020
242.5 0.404405
242.625 0.212658
242.75 0.512167
242.875 0.644780
243.0 0.298358
243.125 0.316789
243.25 0.231086
243.375 0.241904
243.5 0.638293
243.625 0.362577
243.75 0.235362
243.875 0.990172
244.0 0.436919
244.125 0.345160
244.25 0.854919
244.375 0.909915
244.5 0.400421
244.625 0.370255
244.75 0.579650
244.875 0.588977
245.0 0.488622
245.125 0.301375
245.25 0.455258
245.375 0.787404
245.5 0.412244
245.625 0.829997
245.75 0.324319
245.875 0.851327
246.0 0.808169
246.125 0.487705
246.25 0.026778
246.375 0.421296
246.5 0.513522
246.625 0.262322
246.75 0.286320
246.875 0.081191
247.0 0.586752
247.125 0.213918
247.25 0.531254
247.375 0.295952
247.5 0.143323
247.625 0.289427
247.75 0.509080
247.875 0.096773
248.0 0.466986
248.125 0.618383
248.25 0.387213
248.375 0.217728
248.5 0.597461
248.625 0.898085
248.75 0.361472
248.875 0.425823
249.0 0.534630
249.125 0.621252
249.25 0.679381
249.375 0.341171
249.5 1.353378
249.625 0.408394
249.75 0.232894
249.875 0.416616
250.0 0.272445
250.125 0.221717
250.25 0.751953
250.375 0.185000
250.5 0.280135
250.625 0.660253
250.75 0.086129
250.875 0.533290
251.0 0.221382
251.125 0.331442
251.25 0.284303
251.375 0.492617
251.5 0.329670
251.625 0.356087
251.75 0.444588
251.875 0.237941
252.0 0.461330
252.125 0.570578
252.25 0.290033
252.375 0.428035
252.5 0.689153
252.625 0.715428
252.75 0.120839
252.875 0.347091
253.0 0.421511
253.125 0.368143
253.25 0.251300
253.375 0.563605
253.5 0.175297
253.625 0.431565
253.75 0.218705
253.875 0.235921
254.0 0.555206
254.125 0.257173
254.25 0.804414
254.375 0.524309
254.5 0.542403
254.625 1.100517
254.75 0.262490
254.875 0.231339
255.0 0.350444
255.125 0.813967
255.25 0.421913
255.375 0.103876
255.5 0.265193
255.625 0.494231
255.75 0.750215
255.875 0.051909
256.0 0.09207
