0 44318.811863
0.125 13.783528
0.25 6.956265
0.375 12.157519
0.5 3.535915
0.625 8.144868
0.75 10.969004
0.875 9.263870
1.0 9.253255
1.125 7.235395
1.25 10.512049
1.375 10.524093
1.5 13.158094
1.625 2.815585
1.75 7.105070
1.875 3.559496
2.0 3.644299
2.125 4.280357
2.25 28.029892
2.375 1.919837
2.5 9.210503
2.625 6.497411
2.75 8.498003
2.875 0.469364
3.0 7.076953
3.125 10.921748
3.25 6.456500
3.375 11.836965
3.5 5.731705
3.625 18.130780
3.75 6.654572
3.875 18.229833
4.0 7.917217
4.125 4.234304
4.25 6.399032
4.375 3.726537
4.5 3.660007
4.625 7.871088
4.75 7.112591
4.875 6.841796
5.0 4.772262
5.125 8.017740
5.25 15.272087
5.375 2.922984
5.5 9.861068
5.625 10.320652
5.75 4.878226
5.875 10.810127
6.0 13.580366
6.125 4.777906
6.25 14.084293
6.375 14.448069
6.5 6.400464
6.625 12.760050
6.75 22.583215
6.875 21.652904
7.0 25.173820
7.125 9.068939
7.25 28.287539
7.375 39.032900
7.5 44.819409
7.625 19.474401
7.75 56.052667
7.875 29.152845
8.0 75.598351
8.125 63.729643
8.25 22.153277
8.375 22.706329
8.5 31.688473
8.625 32.526896
8.75 39.482112
8.875 8.956825
9.0 30.769357
9.125 12.921973
9.25 16.831239
9.375 17.136538
9.5 19.330176
9.625 23.158231
9.75 12.313574
9.875 37.312600
10.0 13.365558
10.125 22.614874
10.25 5.724776
10.375 13.438083
10.5 8.904943
10.625 9.811770
10.75 4.116720
10.875 12.352149
11.0 11.161187
11.125 1.424157
11.25 12.816109
11.375 8.831378
11.5 4.669833
11.625 3.458438
11.75 9.142203
11.875 9.488764
12.0 1.606978
12.125 5.545971
12.25 10.666312
12.375 3.096123
12.5 6.473304
12.625 3.214392
12.75 5.905702
12.875 8.625097
13.0 13.719752
13.125 4.670296
13.25 8.315106
13.375 3.663386
13.5 6.867900
13.625 3.082897
13.75 9.833184
13.875 5.682894
14.0 5.937838
14.125 14.853567
14.25 0.320337
14.375 4.445164
14.5 5.991466
14.625 7.773308
14.75 8.993369
14.875 2.558860
15.0 3.857913
15.125 2.390834
15.25 7.674192
15.375 6.596762
15.5 9.603700
15.625 7.000161
15.75 3.334947
15.875 5.429603
16.0 8.068553
16.125 1.036443
16.25 2.713741
16.375 4.688219
16.5 3.095509
16.625 4.996713
16.75 2.868947
16.875 5.410410
17.0 2.153204
17.125 2.186632
17.25 0.895892
17.375 5.990643
17.5 2.350210
17.625 6.266565
17.75 2.984142
17.875 1.226319
18.0 4.063701
18.125 1.798280
18.25 6.962582
18.375 6.223681
18.5 3.764645
18.625 8.381056
18.75 4.749852
18.875 8.203366
19.0 4.572820
19.125 9.261015
19.25 5.251925
19.375 3.021409
19.5 5.959162
19.625 3.611947
19.75 9.981441
19.875 4.738254
20.0 1.153597
20.125 5.600434
20.25 4.003800
20.375 1.748443
20.5 5.851602
20.625 6.940900
20.75 4.452300
20.875 4.731160
21.0 10.540433
21.125 2.880423
21.25 1.343794
21.375 4.759202
21.5 0.936881
21.625 3.682534
21.75 5.159579
21.875 1.063884
22.0 2.729585
22.125 0.870614
22.25 2.185826
22.375 4.128951
22.5 5.372817
22.625 7.626677
22.75 3.927680
22.875 0.776824
23.0 7.000496
23.125 3.372486
23.25 2.148424
23.375 1.476361
23.5 0.705458
23.625 3.061634
23.75 5.091751
23.875 3.683449
24.0 2.112805
24.125 4.078205
24.25 0.486843
24.375 4.271597
24.5 4.901950
24.625 3.245333
24.75 1.133807
24.875 5.224344
25.0 7.551049
25.125 4.179499
25.25 1.956148
25.375 1.329309
25.5 3.831358
25.625 2.311165
25.75 4.837387
25.875 2.854143
26.0 2.485507
26.125 4.364508
26.25 4.594086
26.375 2.303364
26.5 3.240291
26.625 1.901173
26.75 6.528742
26.875 4.192862
27.0 1.961501
27.125 0.578903
27.25 1.260372
27.375 3.925184
27.5 3.333063
27.625 5.136778
27.75 3.375516
27.875 6.148258
28.0 2.866759
28.125 1.465354
28.25 4.198857
28.375 3.776101
28.5 6.884685
28.625 4.138403
28.75 4.042243
28.875 5.781922
29.0 4.989991
29.125 5.951627
29.25 2.520022
29.375 4.629415
29.5 2.786757
29.625 5.743490
29.75 2.843733
29.875 2.527634
30.0 1.166878
30.125 5.943365
30.25 0.607610
30.375 3.204863
30.5 4.299210
30.625 0.936686
30.75 1.667575
30.875 2.994764
31.0 1.715021
31.125 2.730596
31.25 1.434620
31.375 5.671705
31.5 1.882094
31.625 4.027952
31.75 1.321162
31.875 2.257473
32.0 3.377788
32.125 1.893965
32.25 1.972754
32.375 2.248057
32.5 3.506341
32.625 4.163773
32.75 2.479255
32.875 1.850191
33.0 1.756006
33.125 7.456386
33.25 4.071176
33.375 2.294582
33.5 4.724336
33.625 4.200078
33.75 1.620849
33.875 1.801953
34.0 4.309083
34.125 3.243409
34.25 2.544154
34.375 1.651648
34.5 2.678586
34.625 5.130446
34.75 2.396898
34.875 6.429549
35.0 1.977090
35.125 6.439294
35.25 3.990909
35.375 2.108979
35.5 1.116517
35.625 2.313528
35.75 4.208584
35.875 3.159550
36.0 2.020255
36.125 2.199345
36.25 3.097852
36.375 3.383428
36.5 0.933799
36.625 0.794011
36.75 3.327230
36.875 3.333350
37.0 0.610515
37.125 4.855914
37.25 1.508296
37.375 3.811660
37.5 2.593593
37.625 2.133739
37.75 4.445945
37.875 4.429135
38.0 5.754163
38.125 3.050439
38.25 5.311333
38.375 4.812622
38.5 2.710074
38.625 1.606742
38.75 4.053701
38.875 2.993750
39.0 3.499028
39.125 2.084036
39.25 6.284336
39.375 2.154778
39.5 0.261062
39.625 1.567895
39.75 0.818917
39.875 4.088351
40.0 2.789742
40.125 2.592880
40.25 1.822096
40.375 2.438092
40.5 3.260058
40.625 7.079176
40.75 4.863830
40.875 5.945792
41.0 2.579897
41.125 0.311322
41.25 1.258546
41.375 4.603424
41.5 0.369628
41.625 2.935058
41.75 4.136493
41.875 4.036526
42.0 1.058752
42.125 0.994302
42.25 2.831226
42.375 4.888122
42.5 1.835008
42.625 5.357717
42.75 5.256666
42.875 2.205130
43.0 2.744187
43.125 2.383893
43.25 2.109296
43.375 2.886594
43.5 2.256626
43.625 5.833743
43.75 2.319880
43.875 4.996497
44.0 3.714280
44.125 2.129022
44.25 4.458231
44.375 1.149032
44.5 0.941633
44.625 3.102217
44.75 2.173664
44.875 1.943321
45.0 5.460464
45.125 3.946785
45.25 1.130424
45.375 4.794562
45.5 0.441574
45.625 3.587488
45.75 1.475168
45.875 1.355744
46.0 0.562349
46.125 1.555377
46.25 5.130479
46.375 3.305162
46.5 4.681702
46.625 4.150200
46.75 3.720112
46.875 0.928193
47.0 3.829374
47.125 3.314047
47.25 5.896674
47.375 4.192711
47.5 6.726602
47.625 1.420001
47.75 2.239413
47.875 0.532510
48.0 2.576991
48.125 1.633571
48.25 2.271283
48.375 1.725019
48.5 6.389026
48.625 3.661898
48.75 1.783085
48.875 1.804600
49.0 1.317318
49.125 2.481450
49.25 1.880899
49.375 1.229943
49.5 5.735597
49.625 3.894632
49.75 4.074381
49.875 6.226631
50.0 2.573880
50.125 3.352966
50.25 0.833843
50.375 5.334455
50.5 2.749293
50.625 6.821257
50.75 3.840413
50.875 4.811507
51.0 2.444457
51.125 0.990458
51.25 0.579562
51.375 3.098732
51.5 5.126375
51.625 3.944848
51.75 2.955179
51.875 0.727153
52.0 3.991725
52.125 3.264541
52.25 2.318298
52.375 3.274780
52.5 2.298895
52.625 6.062456
52.75 3.151467
52.875 5.063423
53.0 4.159055
53.125 5.860867
53.25 2.498373
53.375 3.810380
53.5 4.327086
53.625 7.410555
53.75 6.723529
53.875 4.003986
54.0 5.091732
54.125 2.418674
54.25 0.184382
54.375 6.678849
54.5 1.564757
54.625 4.390559
54.75 1.408926
54.875 2.653082
55.0 3.350084
55.125 3.815123
55.25 1.779394
55.375 2.305491
55.5 2.917735
55.625 9.553940
55.75 3.627438
55.875 1.647150
56.0 6.505273
56.125 1.195151
56.25 3.481652
56.375 0.484415
56.5 4.618727
56.625 2.730790
56.75 1.763660
56.875 4.686821
57.0 5.657578
57.125 1.395064
57.25 1.315314
57.375 3.123485
57.5 2.919554
57.625 4.977601
57.75 0.492288
57.875 4.756264
58.0 4.341929
58.125 6.120174
58.25 3.570173
58.375 5.606286
58.5 2.954173
58.625 1.472159
58.75 3.091874
58.875 2.446792
59.0 1.109665
59.125 1.873187
59.25 2.916502
59.375 4.523215
59.5 2.821786
59.625 1.862856
59.75 3.933197
59.875 1.584836
60.0 3.955352
60.125 3.717086
60.25 2.756899
60.375 2.258189
60.5 2.916694
60.625 5.828547
60.75 5.259879
60.875 10.738071
61.0 3.324306
61.125 4.059270
61.25 0.974101
61.375 4.844372
61.5 3.511055
61.625 2.497238
61.75 2.260994
61.875 0.459875
62.0 5.622415
62.125 2.355426
62.25 4.735586
62.375 3.519889
62.5 5.578470
62.625 4.136525
62.75 7.651126
62.875 4.859569
63.0 3.953091
63.125 3.093443
63.25 3.402374
63.375 2.806950
63.5 3.296426
63.625 5.103213
63.75 0.851125
63.875 3.476968
64.0 0.923514
64.125 1.598485
64.25 3.860231
64.375 3.169470
64.5 3.115872
64.625 4.770127
64.75 4.456641
64.875 4.790753
65.0 0.416626
65.125 4.616664
65.25 2.429915
65.375 2.720097
65.5 4.944460
65.625 4.289473
65.75 2.051264
65.875 3.383208
66.0 6.679914
66.125 3.540795
66.25 5.303833
66.375 4.879297
66.5 2.803900
66.625 4.578851
66.75 0.749132
66.875 3.755512
67.0 1.437750
67.125 2.522256
67.25 2.879826
67.375 1.398518
67.5 2.513731
67.625 4.259127
67.75 0.696219
67.875 2.000682
68.0 4.734048
68.125 4.158896
68.25 3.073225
68.375 1.331655
68.5 3.040177
68.625 5.274927
68.75 3.316385
68.875 5.897417
69.0 3.090782
69.125 0.518748
69.25 3.141926
69.375 1.630017
69.5 4.741611
69.625 2.819567
69.75 1.747204
69.875 3.343185
70.0 2.562550
70.125 0.450441
70.25 2.804000
70.375 3.288181
70.5 4.270282
70.625 2.562848
70.75 0.471288
70.875 1.105338
71.0 2.643772
71.125 2.467325
71.25 2.003949
71.375 3.827264
71.5 3.946965
71.625 2.869064
71.75 3.632271
71.875 2.119857
72.0 2.300253
72.125 1.190518
72.25 0.111022
72.375 2.358571
72.5 1.046325
72.625 2.020688
72.75 1.445622
72.875 1.240979
73.0 2.291597
73.125 2.514042
73.25 2.540814
73.375 3.948384
73.5 0.909063
73.625 4.030472
73.75 0.556842
73.875 2.846306
74.0 6.281154
74.125 4.357079
74.25 2.154779
74.375 3.703180
74.5 1.686501
74.625 2.207540
74.75 1.341585
74.875 1.464089
75.0 0.869123
75.125 1.243169
75.25 3.057804
75.375 0.340383
75.5 0.911665
75.625 1.552789
75.75 1.432848
75.875 2.657376
76.0 0.419199
76.125 2.111395
76.25 0.684188
76.375 1.342308
76.5 1.006162
76.625 2.588674
76.75 4.115594
76.875 0.813247
77.0 1.165594
77.125 5.853074
77.25 0.944676
77.375 1.667406
77.5 1.560353
77.625 1.992594
77.75 2.578919
77.875 3.229265
78.0 1.009900
78.125 1.635167
78.25 1.538567
78.375 2.350061
78.5 1.124955
78.625 0.421428
78.75 2.923433
78.875 0.406581
79.0 1.593965
79.125 0.446385
79.25 1.115068
79.375 1.768378
79.5 1.862402
79.625 1.413340
79.75 1.340803
79.875 2.743726
80.0 1.142473
80.125 5.261700
80.25 1.058310
80.375 3.441174
80.5 2.525573
80.625 3.214876
80.75 1.833879
80.875 2.592034
81.0 1.838138
81.125 2.517466
81.25 3.458819
81.375 2.895248
81.5 2.574838
81.625 1.098483
81.75 2.424057
81.875 1.817299
82.0 2.049592
82.125 2.253158
82.25 2.262554
82.375 1.683299
82.5 2.089638
82.625 1.631869
82.75 2.688320
82.875 1.030511
83.0 0.896073
83.125 1.185012
83.25 2.545004
83.375 1.405627
83.5 1.973295
83.625 0.379681
83.75 2.023727
83.875 0.361194
84.0 2.867645
84.125 1.320397
84.25 0.596605
84.375 0.904427
84.5 2.006285
84.625 1.576623
84.75 0.545674
84.875 2.794236
85.0 1.058055
85.125 1.938548
85.25 1.997025
85.375 1.316411
85.5 0.875217
85.625 1.089926
85.75 1.016868
85.875 0.371941
86.0 2.072244
86.125 0.175156
86.25 3.318985
86.375 0.749812
86.5 3.244027
86.625 2.793668
86.75 2.169018
86.875 1.299783
87.0 1.501755
87.125 0.702722
87.25 2.194470
87.375 0.380566
87.5 1.395444
87.625 1.271992
87.75 3.245065
87.875 3.837128
88.0 3.493456
88.125 1.112398
88.25 2.375494
88.375 2.059524
88.5 1.136694
88.625 1.651022
88.75 2.446209
88.875 1.010039
89.0 0.901142
89.125 2.159027
89.25 1.887148
89.375 2.231051
89.5 2.385911
89.625 1.005561
89.75 1.675090
89.875 0.859992
90.0 2.034324
90.125 2.294135
90.25 2.791147
90.375 0.807552
90.5 1.307117
90.625 2.195169
90.75 1.592548
90.875 0.758612
91.0 1.528897
91.125 2.284082
91.25 1.121675
91.375 3.343457
91.5 1.868383
91.625 0.943133
91.75 0.630257
91.875 0.447183
92.0 2.038086
92.125 0.451384
92.25 1.579164
92.375 1.866112
92.5 1.860724
92.625 0.194446
92.75 0.804302
92.875 2.515093
93.0 3.131890
93.125 0.368802
93.25 1.332664
93.375 0.753395
93.5 2.756643
93.625 1.713466
93.75 0.892513
93.875 1.018970
94.0 1.746528
94.125 1.052051
94.25 1.201429
94.375 1.290295
94.5 2.966237
94.625 0.705284
94.75 1.270961
94.875 1.402345
95.0 1.619941
95.125 1.709005
95.25 0.429407
95.375 1.919407
95.5 0.533715
95.625 1.295375
95.75 1.893848
95.875 1.172401
96.0 0.669816
96.125 1.363302
96.25 0.636104
96.375 1.156909
96.5 1.281808
96.625 2.245702
96.75 1.288584
96.875 1.843117
97.0 0.361662
97.125 0.365047
97.25 1.509360
97.375 1.566913
97.5 2.828931
97.625 2.574608
97.75 0.956205
97.875 0.322481
98.0 0.904160
98.125 0.836530
98.25 1.164944
98.375 2.444074
98.5 2.713123
98.625 1.674640
98.75 1.653151
98.875 0.725672
99.0 1.593049
99.125 0.398081
99.25 2.717435
99.375 1.275652
99.5 0.174569
99.625 1.660002
99.75 3.193449
99.875 0.901084
100.0 0.940622
100.125 2.032731
100.25 2.496251
100.375 1.313164
100.5 2.802571
100.625 0.759260
100.75 0.559834
100.875 0.197357
101.0 1.522597
101.125 1.021194
101.25 1.360035
101.375 1.720584
101.5 0.730447
101.625 1.075595
101.75 1.319632
101.875 0.647478
102.0 0.817193
102.125 0.633649
102.25 1.749496
102.375 0.721630
102.5 0.764255
102.625 1.011599
102.75 1.689513
102.875 2.458050
103.0 1.044994
103.125 0.552039
103.25 1.743071
103.375 0.897967
103.5 0.072379
103.625 1.304380
103.75 1.064319
103.875 0.977342
104.0 1.065125
104.125 1.012833
104.25 1.083084
104.375 0.664357
104.5 0.414308
104.625 1.967246
104.75 2.514131
104.875 2.407740
105.0 0.838168
105.125 0.846378
105.25 2.805450
105.375 0.150604
105.5 2.485487
105.625 0.840875
105.75 1.324210
105.875 1.516751
106.0 1.688986
106.125 2.074460
106.25 0.609117
106.375 1.181079
106.5 1.440289
106.625 1.606308
106.75 0.698938
106.875 2.641451
107.0 1.451274
107.125 1.083363
107.25 0.844504
107.375 1.425617
107.5 2.297838
107.625 0.876923
107.75 1.180585
107.875 1.500303
108.0 1.877085
108.125 1.934933
108.25 1.223318
108.375 1.442102
108.5 0.500095
108.625 1.064200
108.75 0.254258
108.875 1.470241
109.0 0.348717
109.125 0.993974
109.25 1.871200
109.375 1.039876
109.5 2.245976
109.625 0.968736
109.75 1.996031
109.875 1.350371
110.0 1.500486
110.125 0.993902
110.25 0.315985
110.375 1.274118
110.5 1.807076
110.625 0.935788
110.75 1.925349
110.875 1.330597
111.0 1.276406
111.125 1.647373
111.25 1.935872
111.375 2.215857
111.5 2.602332
111.625 1.304191
111.75 0.936287
111.875 0.419826
112.0 1.554187
112.125 0.339859
112.25 1.555879
112.375 1.096249
112.5 1.245402
112.625 0.936546
112.75 1.297818
112.875 1.704405
113.0 1.491652
113.125 0.268482
113.25 1.248679
113.375 1.046974
113.5 1.076507
113.625 1.084968
113.75 0.424286
113.875 0.726387
114.0 1.980278
114.125 1.143879
114.25 0.524252
114.375 1.635690
114.5 0.631251
114.625 0.983257
114.75 1.404918
114.875 1.948261
115.0 0.716538
115.125 0.486520
115.25 0.964502
115.375 1.524438
115.5 0.955734
115.625 1.477928
115.75 1.410648
115.875 1.444700
116.0 0.049809
116.125 2.326392
116.25 0.572849
116.375 0.715827
116.5 1.220129
116.625 0.689776
116.75 0.406690
116.875 1.280167
117.0 1.147637
117.125 1.640881
117.25 1.513521
117.375 0.687882
117.5 1.029499
117.625 1.050976
117.75 2.088533
117.875 0.986438
118.0 1.082603
118.125 0.168879
118.25 0.715114
118.375 0.834546
118.5 1.480719
118.625 0.587687
118.75 2.349121
118.875 0.659689
119.0 0.592056
119.125 2.004565
119.25 0.468440
119.375 1.444440
119.5 1.128184
119.625 0.907731
119.75 0.345079
119.875 0.321258
120.0 1.624940
120.125 0.554343
120.25 3.023287
120.375 0.362684
120.5 1.208041
120.625 1.955534
120.75 0.821975
120.875 0.894779
121.0 2.269915
121.125 3.550229
121.25 1.488285
121.375 0.269804
121.5 2.380792
121.625 0.866364
121.75 0.611844
121.875 1.106688
122.0 2.012247
122.125 0.965212
122.25 0.491231
122.375 1.696468
122.5 1.317485
122.625 1.593722
122.75 3.013379
122.875 1.861847
123.0 0.968725
123.125 0.692253
123.25 0.936271
123.375 0.535511
123.5 1.179608
123.625 0.203359
123.75 0.384279
123.875 1.366489
124.0 2.530114
124.125 0.630639
124.25 1.614248
124.375 1.276382
124.5 2.590861
124.625 0.661252
124.75 1.218582
124.875 2.115602
125.0 2.691971
125.125 1.398650
125.25 0.207221
125.375 1.287524
125.5 0.461817
125.625 1.619243
125.75 0.834245
125.875 1.053643
126.0 0.672936
126.125 0.224325
126.25 0.626161
126.375 3.215225
126.5 1.167684
126.625 1.316148
126.75 1.720404
126.875 1.885473
127.0 1.855267
127.125 0.576520
127.25 1.743716
127.375 1.717051
127.5 2.333492
127.625 0.326900
127.75 1.533048
127.875 0.787090
128.0 1.196433
128.125 1.670679
128.25 2.013100
128.375 3.642717
128.5 1.153007
128.625 1.793862
128.75 2.015523
128.875 1.064853
129.0 1.260929
129.125 0.094303
129.25 1.503807
129.375 2.837784
129.5 0.560238
129.625 0.165696
129.75 0.730905
129.875 1.664781
130.0 1.452715
130.125 0.383976
130.25 0.441564
130.375 0.667241
130.5 1.203683
130.625 1.072810
130.75 0.364120
130.875 1.738759
131.0 1.869575
131.125 1.995301
131.25 2.237259
131.375 1.414142
131.5 0.691048
131.625 0.852000
131.75 2.114592
131.875 1.143538
132.0 0.288519
132.125 0.813578
132.25 0.320534
132.375 2.164062
132.5 0.889132
132.625 1.039219
132.75 2.479743
132.875 1.323650
133.0 1.658600
133.125 1.705628
133.25 0.986439
133.375 0.524150
133.5 2.179483
133.625 0.583378
133.75 0.695692
133.875 1.721751
134.0 1.726513
134.125 0.374063
134.25 2.063582
134.375 1.684676
134.5 1.343701
134.625 1.133429
134.75 1.539016
134.875 1.104268
135.0 1.511261
135.125 2.051839
135.25 1.820503
135.375 0.644775
135.5 0.551592
135.625 1.731831
135.75 1.407857
135.875 0.089996
136.0 0.412822
136.125 0.489979
136.25 1.206338
136.375 0.996681
136.5 1.107589
136.625 1.386824
136.75 0.903439
136.875 1.003322
137.0 1.346625
137.125 0.770033
137.25 1.195423
137.375 1.025598
137.5 1.321452
137.625 1.163315
137.75 1.257136
137.875 0.960180
138.0 2.090845
138.125 1.039299
138.25 0.904939
138.375 0.711066
138.5 0.902867
138.625 1.205772
138.75 1.002046
138.875 1.319496
139.0 1.707964
139.125 1.420572
139.25 0.527624
139.375 0.841524
139.5 0.644941
139.625 1.316557
139.75 1.170518
139.875 1.428825
140.0 0.196638
140.125 0.819292
140.25 1.227457
140.375 1.380915
140.5 0.333937
140.625 0.350931
140.75 0.924849
140.875 1.032769
141.0 0.148562
141.125 0.967920
141.25 0.833695
141.375 0.909580
141.5 0.551308
141.625 0.362847
141.75 1.209331
141.875 0.884629
142.0 0.220663
142.125 1.073414
142.25 0.840912
142.375 0.305629
142.5 0.640533
142.625 0.578575
142.75 1.275055
142.875 0.256118
143.0 0.467597
143.125 1.606898
143.25 1.354419
143.375 0.168536
143.5 0.408318
143.625 1.090805
143.75 1.173755
143.875 1.434803
144.0 1.464634
144.125 1.795449
144.25 0.773447
144.375 0.973246
144.5 1.044497
144.625 1.054747
144.75 0.833841
144.875 0.824566
145.0 0.986082
145.125 1.566676
145.25 0.819184
145.375 0.772037
145.5 1.848752
145.625 1.700775
145.75 1.071195
145.875 0.517561
146.0 1.451436
146.125 1.574947
146.25 0.774221
146.375 0.547073
146.5 0.249404
146.625 0.910773
146.75 0.950842
146.875 0.619693
147.0 1.405437
147.125 0.576488
147.25 0.703777
147.375 1.084014
147.5 1.265195
147.625 0.982363
147.75 2.744909
147.875 0.691688
148.0 0.163474
148.125 1.489961
148.25 1.690673
148.375 1.332220
148.5 0.847277
148.625 1.267101
148.75 0.324689
148.875 1.977399
149.0 0.741910
149.125 0.893346
149.25 0.274949
149.375 1.174763
149.5 0.372789
149.625 0.768796
149.75 1.122248
149.875 1.282513
150.0 1.228380
150.125 0.686927
150.25 0.593132
150.375 0.536029
150.5 0.395853
150.625 0.535583
150.75 0.396733
150.875 1.005743
151.0 0.715222
151.125 1.044902
151.25 0.333393
151.375 1.337730
151.5 0.894078
151.625 0.624473
151.75 0.901302
151.875 0.680204
152.0 0.860084
152.125 1.416618
152.25 0.665173
152.375 0.930702
152.5 1.165218
152.625 0.492786
152.75 0.641811
152.875 0.364874
153.0 1.337825
153.125 1.127507
153.25 1.288655
153.375 1.098723
153.5 0.392270
153.625 1.598965
153.75 1.923697
153.875 0.394417
154.0 0.778852
154.125 1.272999
154.25 0.875177
154.375 1.057816
154.5 1.178589
154.625 0.795626
154.75 0.116415
154.875 0.914431
155.0 0.836531
155.125 0.305821
155.25 0.768946
155.375 0.497448
155.5 1.187906
155.625 0.298637
155.75 0.747101
155.875 1.014904
156.0 1.451797
156.125 0.941871
156.25 0.710255
156.375 0.752688
156.5 0.878062
156.625 1.258881
156.75 0.788601
156.875 0.812794
157.0 0.822639
157.125 1.491427
157.25 0.513965
157.375 1.004286
157.5 0.844071
157.625 1.125280
157.75 0.542544
157.875 1.066295
158.0 0.388334
158.125 0.156785
158.25 0.486240
158.375 0.528029
158.5 1.252437
158.625 0.847466
158.75 0.808122
158.875 0.549059
159.0 0.227671
159.125 1.524912
159.25 1.125268
159.375 2.096258
159.5 0.852182
159.625 0.380518
159.75 0.584683
159.875 0.433821
160.0 0.556703
160.125 0.742456
160.25 0.648630
160.375 0.909626
160.5 0.914933
160.625 1.383682
160.75 1.597745
160.875 1.040490
161.0 0.668462
161.125 0.921423
161.25 0.550519
161.375 0.552989
161.5 0.647231
161.625 0.592532
161.75 0.868554
161.875 0.244587
162.0 1.176903
162.125 0.447868
162.25 1.040468
162.375 0.167682
162.5 0.650553
162.625 0.314766
162.75 0.471351
162.875 0.463960
163.0 0.499693
163.125 0.558454
163.25 1.235223
163.375 0.877845
163.5 0.743747
163.625 0.672577
163.75 0.509026
163.875 1.385948
164.0 1.211085
164.125 0.769945
164.25 0.884113
164.375 0.604633
164.5 0.551390
164.625 0.268550
164.75 0.602651
164.875 0.654552
165.0 0.204980
165.125 0.287181
165.25 0.515279
165.375 0.712857
165.5 0.832189
165.625 0.664425
165.75 0.509664
165.875 1.022502
166.0 0.531509
166.125 1.009794
166.25 0.822327
166.375 0.364833
166.5 0.332819
166.625 0.435841
166.75 0.287439
166.875 0.952298
167.0 0.388964
167.125 0.199153
167.25 1.178700
167.375 1.024950
167.5 1.081942
167.625 0.490214
167.75 0.025620
167.875 0.148123
168.0 0.184378
168.125 0.542057
168.25 0.710488
168.375 0.050480
168.5 0.236258
168.625 0.320967
168.75 0.477603
168.875 1.366268
169.0 0.878359
169.125 0.405988
169.25 0.951003
169.375 0.406689
169.5 0.443959
169.625 0.431952
169.75 0.951375
169.875 0.865173
170.0 0.926155
170.125 0.639020
170.25 0.542741
170.375 0.500379
170.5 0.501598
170.625 0.354827
170.75 0.257404
170.875 0.802392
171.0 0.952818
171.125 0.400858
171.25 0.537575
171.375 0.867779
171.5 0.620737
171.625 0.963015
171.75 1.076685
171.875 0.656591
172.0 0.424266
172.125 0.352894
172.25 0.352383
172.375 0.464130
172.5 1.299614
172.625 0.943323
172.75 1.045095
172.875 0.433801
173.0 0.212342
173.125 0.708462
173.25 1.318015
173.375 0.547769
173.5 0.839844
173.625 0.180072
173.75 0.833518
173.875 0.429828
174.0 0.594022
174.125 1.598994
174.25 0.249319
174.375 0.650341
174.5 0.500601
174.625 0.625945
174.75 0.703984
174.875 0.245157
175.0 0.059511
175.125 0.409028
175.25 0.488507
175.375 0.812246
175.5 0.301744
175.625 0.165307
175.75 0.393380
175.875 0.232498
176.0 0.465203
176.125 0.472793
176.25 0.522407
176.375 0.369916
176.5 0.910243
176.625 0.423775
176.75 1.045503
176.875 0.841580
177.0 0.394078
177.125 0.495407
177.25 0.321312
177.375 0.172462
177.5 0.428107
177.625 0.310698
177.75 0.087975
177.875 0.647365
178.0 0.644641
178.125 0.410655
178.25 0.302346
178.375 0.453181
178.5 0.465899
178.625 0.539130
178.75 0.864158
178.875 0.558094
179.0 0.253609
179.125 0.840064
179.25 0.268429
179.375 0.642138
179.5 0.830626
179.625 0.625856
179.75 0.425170
179.875 0.449384
180.0 0.543640
180.125 1.049558
180.25 0.552287
180.375 0.720351
180.5 0.427150
180.625 0.827250
180.75 0.509982
180.875 0.580082
181.0 0.486059
181.125 0.155550
181.25 0.518452
181.375 0.166409
181.5 0.525782
181.625 0.759646
181.75 0.467088
181.875 0.634571
182.0 0.666843
182.125 0.785589
182.25 0.395864
182.375 0.488971
182.5 0.571086
182.625 0.285512
182.75 0.526594
182.875 0.164151
183.0 1.226501
183.125 0.636209
183.25 0.411002
183.375 1.234514
183.5 0.134139
183.625 0.478642
183.75 0.482131
183.875 0.565602
184.0 0.409775
184.125 0.196997
184.25 0.173640
184.375 0.292520
184.5 1.166912
184.625 0.526285
184.75 0.766608
184.875 0.966566
185.0 1.007203
185.125 0.661589
185.25 0.978229
185.375 0.553377
185.5 0.301142
185.625 0.591266
185.75 0.648171
185.875 0.296747
186.0 0.647648
186.125 0.752971
186.25 0.359203
186.375 0.742470
186.5 0.737725
186.625 0.557329
186.75 0.715630
186.875 0.885973
187.0 0.525616
187.125 0.778164
187.25 0.660680
187.375 0.343692
187.5 0.824371
187.625 0.298331
187.75 0.242988
187.875 0.610203
188.0 0.433821
188.125 0.187591
188.25 0.469573
188.375 0.362543
188.5 0.327221
188.625 0.725319
188.75 0.524746
188.875 0.624159
189.0 0.222373
189.125 0.504214
189.25 0.567248
189.375 0.076366
189.5 0.710022
189.625 0.259324
189.75 0.590929
189.875 0.322479
190.0 0.459681
190.125 0.619098
190.25 0.211122
190.375 0.337254
190.5 0.402378
190.625 0.309105
190.75 0.110511
190.875 0.469787
191.0 0.176268
191.125 0.427647
191.25 0.270680
191.375 0.706528
191.5 0.340063
191.625 0.044863
191.75 1.054204
191.875 0.789435
192.0 0.185043
192.125 0.085241
192.25 0.428636
192.375 0.638767
192.5 0.762352
192.625 0.764166
192.75 0.849032
192.875 0.383484
193.0 0.386646
193.125 0.125727
193.25 0.304668
193.375 0.563524
193.5 0.464935
193.625 0.090926
193.75 0.436291
193.875 0.693336
194.0 0.329192
194.125 0.180437
194.25 0.472571
194.375 0.291444
194.5 0.761955
194.625 0.968013
194.75 0.334246
194.875 0.548663
195.0 0.212876
195.125 0.235661
195.25 0.261384
195.375 0.164051
195.5 0.491209
195.625 0.119582
195.75 1.083618
195.875 0.380936
196.0 0.507810
196.125 0.120745
196.25 0.326010
196.375 0.482056
196.5 0.180106
196.625 0.654387
196.75 0.096615
196.875 0.450259
197.0 0.294328
197.125 0.702690
197.25 0.578818
197.375 0.492347
197.5 0.784170
197.625 0.699050
197.75 0.621863
197.875 0.084433
198.0 0.210650
198.125 0.662766
198.25 0.479290
198.375 0.478061
198.5 0.393096
198.625 0.213460
198.75 0.829825
198.875 0.610129
199.0 0.518002
199.125 0.546499
199.25 0.473757
199.375 0.739120
199.5 0.742718
199.625 1.078325
199.75 0.420329
199.875 0.276702
200.0 0.405095
200.125 0.278740
200.25 0.611640
200.375 0.645264
200.5 0.859711
200.625 0.158311
200.75 0.450107
200.875 0.261001
201.0 0.735552
201.125 0.478170
201.25 0.520861
201.375 0.247399
201.5 0.632115
201.625 0.363884
201.75 0.070502
201.875 0.149379
202.0 0.347266
202.125 0.872384
202.25 0.345185
202.375 0.171147
202.5 0.176559
202.625 0.195414
202.75 0.580068
202.875 0.127628
203.0 0.593225
203.125 0.841271
203.25 0.594644
203.375 0.257925
203.5 0.188508
203.625 0.468658
203.75 0.162950
203.875 0.395092
204.0 0.684656
204.125 0.370100
204.25 0.705458
204.375 0.492991
204.5 0.465073
204.625 0.293572
204.75 0.299802
204.875 0.457357
205.0 0.213937
205.125 0.764576
205.25 0.412015
205.375 0.687995
205.5 0.492730
205.625 0.493908
205.75 0.303783
205.875 0.242843
206.0 0.426973
206.125 0.445519
206.25 0.799522
206.375 0.045661
206.5 0.348272
206.625 0.290547
206.75 0.303191
206.875 0.263259
207.0 0.154632
207.125 0.385214
207.25 0.250854
207.375 0.767680
207.5 0.073537
207.625 0.404372
207.75 0.092462
207.875 0.945789
208.0 0.187351
208.125 0.514531
208.25 0.687152
208.375 0.292001
208.5 0.622314
208.625 0.625278
208.75 0.526579
208.875 0.286933
209.0 0.704999
209.125 0.274134
209.25 0.364756
209.375 0.374256
209.5 0.684699
209.625 0.393680
209.75 0.240188
209.875 0.314028
210.0 0.307200
210.125 0.468997
210.25 0.872275
210.375 0.559281
210.5 0.697476
210.625 0.563182
210.75 0.210669
210.875 0.305582
211.0 0.052070
211.125 0.228329
211.25 0.368669
211.375 0.253802
211.5 0.620367
211.625 0.540346
211.75 0.322803
211.875 0.473545
212.0 0.196747
212.125 0.097441
212.25 0.561610
212.375 0.187336
212.5 1.032517
212.625 0.525974
212.75 0.021308
212.875 1.210055
213.0 0.179250
213.125 0.242307
213.25 0.628724
213.375 0.573639
213.5 0.492159
213.625 0.572961
213.75 0.227919
213.875 0.787180
214.0 0.604654
214.125 0.420835
214.25 0.734375
214.375 0.616541
214.5 0.321612
214.625 0.592063
214.75 0.657862
214.875 0.321217
215.0 0.253177
215.125 0.445977
215.25 0.181109
215.375 0.884760
215.5 1.058448
215.625 0.537694
215.75 0.458332
215.875 0.729209
216.0 0.116193
216.125 0.457539
216.25 0.661607
216.375 0.453609
216.5 0.479326
216.625 0.964745
216.75 0.516961
216.875 0.561944
217.0 0.343928
217.125 0.396701
217.25 0.615438
217.375 0.185808
217.5 0.317487
217.625 1.016081
217.75 0.261803
217.875 0.350463
218.0 0.211650
218.125 0.439241
218.25 0.327375
218.375 0.350254
218.5 0.410984
218.625 0.323273
218.75 0.389669
218.875 0.046775
219.0 0.290259
219.125 0.202024
219.25 0.331884
219.375 0.292617
219.5 0.826214
219.625 0.790696
219.75 0.381457
219.875 0.214565
220.0 0.621197
220.125 0.647340
220.25 0.409512
220.375 0.241064
220.5 0.218300
220.625 0.171635
220.75 0.458215
220.875 0.850144
221.0 0.518276
221.125 0.528614
221.25 0.272751
221.375 0.410901
221.5 0.123382
221.625 0.351436
221.75 0.027958
221.875 0.589702
222.0 0.390950
222.125 0.296547
222.25 0.226796
222.375 0.199185
222.5 0.332718
222.625 0.424650
222.75 0.285080
222.875 0.168117
223.0 0.227683
223.125 0.433198
223.25 0.468086
223.375 0.600892
223.5 0.726500
223.625 0.064500
223.75 0.557277
223.875 1.074763
224.0 0.291105
224.125 0.598792
224.25 0.312074
224.375 1.061854
224.5 0.892894
224.625 0.285934
224.75 0.361578
224.875 0.438426
225.0 0.368029
225.125 0.250534
225.25 0.886382
225.375 1.053962
225.5 0.096249
225.625 0.178103
225.75 0.572911
225.875 0.621171
226.0 0.181398
226.125 0.635101
226.25 0.601691
226.375 0.562381
226.5 0.353932
226.625 0.372882
226.75 0.237797
226.875 0.338451
227.0 0.781023
227.125 0.081535
227.25 0.825079
227.375 0.927211
227.5 0.338012
227.625 0.363350
227.75 0.372995
227.875 0.828069
228.0 0.245047
228.125 0.081184
228.25 0.081272
228.375 0.472290
228.5 0.246568
228.625 0.358758
228.75 0.313315
228.875 0.585615
229.0 0.577937
229.125 0.457408
229.25 0.690857
229.375 0.510586
229.5 0.276492
229.625 0.357114
229.75 0.483593
229.875 0.177761
230.0 0.216537
230.125 0.342418
230.25 0.318308
230.375 0.485413
230.5 1.085508
230.625 0.577979
230.75 0.316970
230.875 0.135989
231.0 0.361494
231.125 0.447695
231.25 0.710323
231.375 0.109583
231.5 0.116918
231.625 0.400148
231.75 0.411741
231.875 0.311330
232.0 0.165719
232.125 0.848995
232.25 0.744932
232.375 0.496098
232.5 0.612034
232.625 0.746008
232.75 0.153283
232.875 0.269203
233.0 0.317343
233.125 0.253501
233.25 0.364068
233.375 0.307783
233.5 0.695100
233.625 0.210336
233.75 0.425704
233.875 0.513297
234.0 0.337134
234.125 0.735595
234.25 0.404835
234.375 0.552600
234.5 0.127844
234.625 0.465006
234.75 0.358023
234.875 0.347638
235.0 0.199473
235.125 0.152400
235.25 0.236445
235.375 0.411418
235.5 0.147309
235.625 0.209206
235.75 0.123549
235.875 0.418356
236.0 0.144410
236.125 0.177970
236.25 0.211333
236.375 0.835932
236.5 0.489806
236.625 0.230010
236.75 0.292326
236.875 0.475822
237.0 0.236421
237.125 0.355958
237.25 0.184870
237.375 0.419926
237.5 0.164097
237.625 0.185851
237.75 0.208642
237.875 0.382499
238.0 0.282124
238.125 0.253271
238.25 0.052497
238.375 0.207680
238.5 0.127429
238.625 0.409295
238.75 0.555271
238.875 0.456479
239.0 0.114191
239.125 0.513543
239.25 0.464967
239.375 0.246938
239.5 0.216607
239.625 0.410422
239.75 0.308524
239.875 0.587951
240.0 0.282740
240.125 0.187972
240.25 0.116013
240.375 0.175437
240.5 0.595960
240.625 0.172313
240.75 0.702773
240.875 0.368607
241.0 0.849549
241.125 0.504258
241.25 0.733375
241.375 0.530556
241.5 0.537106
241.625 0.409677
241.75 0.227364
241.875 0.330893
242.0 0.370774
242.125 0.301941
242.25 0.578921
242.375 0.283606
242.5 0.298369
242.625 0.285463
242.75 0.586271
242.875 0.271119
243.0 0.276661
243.125 0.780679
243.25 0.538985
243.375 0.339392
243.5 0.249096
243.625 0.286885
243.75 0.661429
243.875 0.570236
244.0 0.394867
244.125 0.815901
244.25 0.903284
244.375 0.544704
244.5 0.280713
244.625 0.723801
244.75 0.382972
244.875 0.333436
245.0 0.655578
245.125 0.328516
245.25 0.108176
245.375 0.222513
245.5 0.347537
245.625 0.741779
245.75 0.484553
245.875 0.076330
246.0 0.310778
246.125 0.250722
246.25 0.259564
246.375 0.176702
246.5 0.082813
246.625 0.455210
246.75 0.810203
246.875 0.457331
247.0 0.420283
247.125 0.735750
247.25 0.116217
247.375 0.190941
247.5 0.238336
247.625 0.617985
247.75 0.461090
247.875 0.320995
248.0 1.151089
248.125 0.823831
248.25 0.106647
248.375 0.260489
248.5 0.212609
248.625 0.430725
248.75 0.244505
248.875 0.559491
249.0 0.485158
249.125 0.652455
249.25 1.067875
249.375 0.256488
249.5 0.537837
249.625 0.300907
249.75 0.435860
249.875 0.299585
250.0 0.408918
250.125 0.178006
250.25 0.380687
250.375 0.297216
250.5 0.258157
250.625 0.154755
250.75 0.348631
250.875 0.602732
251.0 0.137807
251.125 0.502936
251.25 0.707576
251.375 0.540409
251.5 0.396051
251.625 0.325263
251.75 0.165362
251.875 0.220763
252.0 0.126087
252.125 0.694163
252.25 0.518986
252.375 0.476985
252.5 0.654956
252.625 0.114479
252.75 0.969197
252.875 0.489775
253.0 0.344800
253.125 0.508270
253.25 0.315970
253.375 0.493794
253.5 0.398145
253.625 0.577967
253.75 0.421648
253.875 0.343284
254.0 0.430034
254.125 0.794352
254.25 0.652962
254.375 0.318976
254.5 0.414627
254.625 0.130220
254.75 0.684477
254.875 0.485900
255.0 0.361956
255.125 0.382780
255.25 0.536131
255.375 0.534781
255.5 0.173109
255.625 0.141413
255.75 0.056411
255.875 0.413258
256.0 0.3108
