0 44332.215988
0.125 16.146014
0.25 13.966334
0.375 13.986986
0.5 14.554726
0.625 1.788066
0.75 11.090525
0.875 6.063951
1.0 2.935513
1.125 10.874757
1.25 7.764626
1.375 17.947785
1.5 11.274125
1.625 16.604902
1.75 14.994810
1.875 19.690087
2.0 8.254434
2.125 2.477893
2.25 2.662827
2.375 16.744122
2.5 11.517954
2.625 24.031990
2.75 23.955734
2.875 5.903893
3.0 5.899719
3.125 9.034823
3.25 12.565548
3.375 20.451231
3.5 20.136689
3.625 11.903385
3.75 23.160333
3.875 6.254932
4.0 13.100300
4.125 24.977025
4.25 18.496141
4.375 12.646475
4.5 14.368499
4.625 8.277009
4.75 6.670483
4.875 17.085825
5.0 9.259666
5.125 14.967639
5.25 6.703195
5.375 17.824669
5.5 12.103264
5.625 19.453176
5.75 11.088016
5.875 22.843422
6.0 21.097705
6.125 29.634048
6.25 29.948180
6.375 19.940422
6.5 16.471619
6.625 27.419987
6.75 4.279483
6.875 27.639978
7.0 25.135717
7.125 9.916201
7.25 34.796635
7.375 10.665327
7.5 22.221197
7.625 27.868856
7.75 9.369704
7.875 9.119392
8.0 23.579720
8.125 14.680613
8.25 16.036920
8.375 32.248923
8.5 17.181035
8.625 4.875242
8.75 8.358533
8.875 3.306351
9.0 16.281781
9.125 11.844201
9.25 10.231246
9.375 4.378389
9.5 21.647147
9.625 12.929223
9.75 8.760928
9.875 12.551048
10.0 9.434053
10.125 13.125837
10.25 5.261674
10.375 9.829024
10.5 13.388733
10.625 6.164214
10.75 2.442863
10.875 6.573259
11.0 3.994682
11.125 10.863107
11.25 14.722162
11.375 10.747799
11.5 7.695458
11.625 4.939006
11.75 2.997045
11.875 9.637973
12.0 0.422638
12.125 1.434640
12.25 10.588490
12.375 5.969759
12.5 6.982868
12.625 1.673421
12.75 8.698256
12.875 2.505566
13.0 3.765721
13.125 4.986115
13.25 2.531585
13.375 8.631587
13.5 4.168399
13.625 4.904768
13.75 2.418357
13.875 9.126074
14.0 2.922402
14.125 3.534706
14.25 2.029912
14.375 11.184525
14.5 2.874005
14.625 3.618189
14.75 10.025345
14.875 3.227366
15.0 1.546692
15.125 6.242380
15.25 6.218297
15.375 7.015698
15.5 0.747545
15.625 0.602552
15.75 6.802837
15.875 0.858478
16.0 1.299944
16.125 2.499474
16.25 7.403989
16.375 4.636320
16.5 5.933367
16.625 2.464682
16.75 7.673489
16.875 4.838360
17.0 6.625862
17.125 3.638314
17.25 3.824270
17.375 5.401698
17.5 9.553407
17.625 8.721988
17.75 5.707645
17.875 3.054251
18.0 4.833982
18.125 2.351383
18.25 4.558135
18.375 6.816452
18.5 5.354352
18.625 2.467496
18.75 5.446153
18.875 1.866810
19.0 5.118541
19.125 0.850654
19.25 4.707693
19.375 3.409042
19.5 2.952342
19.625 2.753710
19.75 5.258624
19.875 10.063744
20.0 2.546786
20.125 6.010723
20.25 5.454239
20.375 4.362456
20.5 4.459748
20.625 2.575928
20.75 3.763107
20.875 2.950920
21.0 1.434833
21.125 4.476240
21.25 7.843241
21.375 2.638021
21.5 2.019265
21.625 3.942884
21.75 1.554398
21.875 4.779593
22.0 5.394822
22.125 1.837298
22.25 3.536272
22.375 3.612392
22.5 4.567535
22.625 1.283472
22.75 2.306324
22.875 6.711739
23.0 6.070749
23.125 5.119138
23.25 5.701211
23.375 3.289014
23.5 3.044845
23.625 6.368381
23.75 4.616302
23.875 7.379017
24.0 0.784355
24.125 0.708382
24.25 3.864684
24.375 4.368598
24.5 5.794756
24.625 5.979217
24.75 5.172498
24.875 3.028302
25.0 1.494777
25.125 3.882356
25.25 3.948633
25.375 5.950167
25.5 8.448995
25.625 2.036732
25.75 4.417280
25.875 3.648234
26.0 0.211437
26.125 1.412120
26.25 1.991581
26.375 3.805861
26.5 1.750285
26.625 7.864088
26.75 6.703680
26.875 0.873416
27.0 6.757512
27.125 5.536917
27.25 2.691653
27.375 3.244652
27.5 1.748845
27.625 3.240999
27.75 2.612295
27.875 2.951239
28.0 1.271271
28.125 6.110532
28.25 4.712363
28.375 3.675940
28.5 9.242619
28.625 7.684224
28.75 0.874247
28.875 1.416297
29.0 0.788875
29.125 8.367721
29.25 4.355300
29.375 4.927517
29.5 4.938260
29.625 3.681955
29.75 1.941003
29.875 1.346301
30.0 3.061793
30.125 4.903255
30.25 3.318912
30.375 1.040511
30.5 4.284588
30.625 2.356482
30.75 7.806011
30.875 3.599677
31.0 4.784468
31.125 4.796613
31.25 3.384471
31.375 1.482185
31.5 0.206921
31.625 5.939966
31.75 2.189821
31.875 1.481577
32.0 2.168660
32.125 3.271962
32.25 1.735805
32.375 1.728831
32.5 4.277814
32.625 0.657570
32.75 3.655034
32.875 4.590266
33.0 0.710248
33.125 3.945334
33.25 2.878280
33.375 1.227558
33.5 1.468774
33.625 3.810800
33.75 3.535183
33.875 5.109384
34.0 4.945671
34.125 3.954359
34.25 5.180269
34.375 3.184848
34.5 3.790607
34.625 7.262142
34.75 2.401202
34.875 8.343129
35.0 5.924616
35.125 6.766663
35.25 1.808294
35.375 2.675657
35.5 5.270161
35.625 3.114155
35.75 3.346523
35.875 3.165945
36.0 2.519899
36.125 5.256383
36.25 4.116364
36.375 5.011449
36.5 3.781893
36.625 2.171398
36.75 4.519900
36.875 3.487899
37.0 0.898821
37.125 1.563876
37.25 2.009895
37.375 2.494070
37.5 1.709419
37.625 2.414818
37.75 4.550478
37.875 1.914018
38.0 2.983811
38.125 6.562785
38.25 1.471473
38.375 0.796259
38.5 3.433104
38.625 1.957580
38.75 4.143360
38.875 0.987670
39.0 1.947288
39.125 5.081879
39.25 2.139548
39.375 0.393167
39.5 4.763405
39.625 4.924546
39.75 1.100220
39.875 4.099722
40.0 1.318031
40.125 3.017093
40.25 1.817319
40.375 3.315296
40.5 5.635791
40.625 3.043986
40.75 4.845842
40.875 4.115832
41.0 0.815557
41.125 1.909342
41.25 1.526032
41.375 2.209971
41.5 5.551031
41.625 2.213824
41.75 4.808736
41.875 5.719455
42.0 7.174621
42.125 2.418544
42.25 4.518639
42.375 6.286148
42.5 6.737707
42.625 3.584360
42.75 6.479015
42.875 0.725065
43.0 1.822698
43.125 3.094753
43.25 1.291509
43.375 2.458559
43.5 3.401513
43.625 2.299746
43.75 5.323503
43.875 4.375126
44.0 1.597796
44.125 5.508666
44.25 2.577395
44.375 2.552556
44.5 2.954514
44.625 1.125866
44.75 1.527826
44.875 5.344105
45.0 1.667938
45.125 1.538564
45.25 5.366147
45.375 2.709776
45.5 4.530567
45.625 3.495588
45.75 2.448968
45.875 2.703623
46.0 5.349558
46.125 6.860586
46.25 3.718601
46.375 7.787486
46.5 3.514095
46.625 6.115682
46.75 3.446850
46.875 7.758745
47.0 6.280565
47.125 2.735947
47.25 4.844169
47.375 2.448934
47.5 4.108886
47.625 7.366404
47.75 4.406435
47.875 2.555604
48.0 7.375875
48.125 6.688190
48.25 6.733266
48.375 0.498521
48.5 4.618843
48.625 4.172460
48.75 3.488282
48.875 4.106639
49.0 2.061274
49.125 3.849740
49.25 0.789723
49.375 6.848647
49.5 2.512446
49.625 4.621966
49.75 1.345799
49.875 6.573448
50.0 4.119829
50.125 3.374361
50.25 2.503580
50.375 3.130697
50.5 5.597879
50.625 4.147187
50.75 4.381956
50.875 2.852534
51.0 3.159294
51.125 4.571284
51.25 2.025256
51.375 3.011958
51.5 1.383783
51.625 3.160817
51.75 3.586958
51.875 3.518614
52.0 6.270682
52.125 3.016802
52.25 0.927813
52.375 3.997773
52.5 2.689663
52.625 2.916990
52.75 0.893561
52.875 4.804962
53.0 3.198769
53.125 6.056648
53.25 0.793574
53.375 4.288443
53.5 1.220727
53.625 6.218462
53.75 3.804588
53.875 3.814829
54.0 4.911161
54.125 3.078905
54.25 4.227863
54.375 3.153646
54.5 4.268952
54.625 6.045198
54.75 5.045709
54.875 1.290478
55.0 7.607287
55.125 1.665607
55.25 3.255362
55.375 4.674827
55.5 1.349927
55.625 6.520393
55.75 4.103963
55.875 3.652083
56.0 3.668208
56.125 0.955715
56.25 0.749579
56.375 3.442757
56.5 4.333856
56.625 0.737994
56.75 2.552987
56.875 8.457275
57.0 3.281091
57.125 6.608107
57.25 3.514833
57.375 4.094252
57.5 3.056017
57.625 8.311196
57.75 2.410663
57.875 2.639739
58.0 1.630654
58.125 0.931662
58.25 1.671910
58.375 5.566718
58.5 2.302986
58.625 3.474926
58.75 4.067003
58.875 1.711306
59.0 6.179809
59.125 1.176088
59.25 7.356284
59.375 2.851609
59.5 4.991469
59.625 0.361339
59.75 4.875758
59.875 1.728194
60.0 6.583816
60.125 3.448143
60.25 4.483011
60.375 4.967617
60.5 2.703427
60.625 5.741746
60.75 3.267366
60.875 3.256265
61.0 5.772972
61.125 3.116964
61.25 4.019623
61.375 5.236477
61.5 3.152125
61.625 3.300963
61.75 3.036516
61.875 0.234491
62.0 3.791491
62.125 0.797737
62.25 1.515887
62.375 1.572517
62.5 3.854723
62.625 2.086043
62.75 0.664271
62.875 1.240705
63.0 1.709129
63.125 1.751302
63.25 3.185501
63.375 3.605949
63.5 5.528961
63.625 3.589666
63.75 5.028987
63.875 2.329619
64.0 4.458455
64.125 6.223405
64.25 3.261262
64.375 7.251954
64.5 1.565272
64.625 5.983213
64.75 1.922605
64.875 2.142373
65.0 6.071409
65.125 1.562887
65.25 0.867414
65.375 1.995280
65.5 2.730518
65.625 2.120853
65.75 6.100334
65.875 2.121232
66.0 1.445988
66.125 2.974029
66.25 0.896232
66.375 1.152728
66.5 1.533609
66.625 2.917325
66.75 2.286274
66.875 2.179546
67.0 1.813046
67.125 2.967520
67.25 1.672439
67.375 3.113282
67.5 1.278334
67.625 0.855323
67.75 2.264563
67.875 1.263314
68.0 1.329519
68.125 5.938675
68.25 2.686913
68.375 3.472476
68.5 2.219314
68.625 2.813235
68.75 1.735114
68.875 0.721098
69.0 2.429664
69.125 1.914131
69.25 0.867640
69.375 0.762743
69.5 0.377179
69.625 0.479285
69.75 2.490431
69.875 2.288423
70.0 0.828673
70.125 2.456800
70.25 1.995819
70.375 1.223470
70.5 1.862485
70.625 1.869026
70.75 2.149167
70.875 1.659194
71.0 3.191191
71.125 2.046004
71.25 2.481816
71.375 1.426077
71.5 0.821282
71.625 2.084296
71.75 3.328701
71.875 2.070436
72.0 2.729245
72.125 4.583748
72.25 1.089104
72.375 0.649622
72.5 2.433938
72.625 1.046478
72.75 1.930163
72.875 2.671893
73.0 4.251114
73.125 1.839966
73.25 1.425425
73.375 1.437695
73.5 0.830921
73.625 3.729563
73.75 3.792140
73.875 2.336144
74.0 1.453517
74.125 0.857196
74.25 1.849332
74.375 1.146216
74.5 1.730967
74.625 1.423953
74.75 3.586118
74.875 1.247799
75.0 0.501660
75.125 1.039531
75.25 3.489470
75.375 2.280354
75.5 1.156838
75.625 1.695221
75.75 0.116304
75.875 1.753199
76.0 3.560727
76.125 2.662520
76.25 3.882263
76.375 0.760539
76.5 2.265660
76.625 1.751597
76.75 2.212055
76.875 2.091018
77.0 2.021790
77.125 1.505972
77.25 2.040660
77.375 2.447607
77.5 1.212912
77.625 1.156507
77.75 1.352421
77.875 1.725423
78.0 2.104815
78.125 1.615271
78.25 1.469839
78.375 1.075618
78.5 1.266304
78.625 3.116510
78.75 2.329880
78.875 2.470580
79.0 1.207718
79.125 1.717419
79.25 1.231705
79.375 2.003927
79.5 1.838270
79.625 0.682153
79.75 2.758060
79.875 0.395674
80.0 2.391798
80.125 1.620379
80.25 1.563371
80.375 3.019447
80.5 1.416418
80.625 0.196606
80.75 1.674283
80.875 2.189488
81.0 1.201886
81.125 2.653063
81.25 1.541737
81.375 1.334542
81.5 0.955180
81.625 2.067324
81.75 2.262166
81.875 1.418363
82.0 1.186111
82.125 0.914151
82.25 3.043986
82.375 1.694594
82.5 0.870021
82.625 1.107760
82.75 1.304984
82.875 2.534831
83.0 2.302888
83.125 0.152804
83.25 0.902682
83.375 0.803604
83.5 1.410909
83.625 1.101386
83.75 2.169044
83.875 1.777759
84.0 0.350722
84.125 1.597588
84.25 0.975498
84.375 1.596301
84.5 1.782961
84.625 0.717124
84.75 2.657533
84.875 1.969055
85.0 2.888333
85.125 1.836809
85.25 0.775386
85.375 0.788251
85.5 1.907845
85.625 3.744452
85.75 2.004291
85.875 3.196302
86.0 3.375417
86.125 2.508919
86.25 2.183632
86.375 1.039852
86.5 0.966893
86.625 2.085678
86.75 0.856747
86.875 3.231927
87.0 1.612982
87.125 1.359921
87.25 0.954977
87.375 1.874285
87.5 1.927827
87.625 1.858280
87.75 0.809720
87.875 2.119274
88.0 1.240019
88.125 2.055916
88.25 1.737012
88.375 3.168261
88.5 2.764857
88.625 2.170664
88.75 2.881504
88.875 2.008658
89.0 1.100090
89.125 3.550345
89.25 0.681851
89.375 2.795342
89.5 1.338797
89.625 0.664565
89.75 0.687381
89.875 0.903613
90.0 3.837938
90.125 1.625544
90.25 1.319446
90.375 2.095413
90.5 0.966227
90.625 1.913480
90.75 2.143983
90.875 0.453256
91.0 2.118468
91.125 1.014703
91.25 2.802983
91.375 3.180835
91.5 2.694576
91.625 0.457619
91.75 1.877041
91.875 0.883198
92.0 2.052735
92.125 2.602141
92.25 1.647674
92.375 0.809980
92.5 2.516824
92.625 1.495406
92.75 1.000445
92.875 1.225796
93.0 1.262997
93.125 1.160479
93.25 2.713083
93.375 0.418887
93.5 0.711351
93.625 0.716047
93.75 1.124711
93.875 1.367506
94.0 1.105048
94.125 1.452242
94.25 3.315987
94.375 2.377969
94.5 2.067743
94.625 1.460635
94.75 1.520602
94.875 0.342910
95.0 1.683181
95.125 0.921587
95.25 1.542536
95.375 4.165958
95.5 0.682932
95.625 2.137732
95.75 1.405815
95.875 2.324384
96.0 1.330083
96.125 0.423738
96.25 2.285078
96.375 1.517973
96.5 0.809923
96.625 0.620775
96.75 1.378154
96.875 0.434340
97.0 2.411461
97.125 2.346171
97.25 3.000423
97.375 0.619963
97.5 3.010171
97.625 0.430027
97.75 1.142592
97.875 1.403279
98.0 0.428870
98.125 1.341752
98.25 2.086567
98.375 1.266405
98.5 0.949143
98.625 1.696555
98.75 1.655630
98.875 0.807147
99.0 1.837316
99.125 1.009549
99.25 0.160394
99.375 0.857310
99.5 1.720438
99.625 3.152393
99.75 0.990501
99.875 1.336490
100.0 2.263582
100.125 1.460970
100.25 4.003664
100.375 3.256910
100.5 2.239302
100.625 2.112627
100.75 0.659663
100.875 2.823695
101.0 3.242970
101.125 1.669079
101.25 1.428607
101.375 1.362023
101.5 1.899148
101.625 1.875045
101.75 2.503640
101.875 2.495818
102.0 3.504581
102.125 2.761682
102.25 1.828466
102.375 0.708797
102.5 1.724543
102.625 1.894302
102.75 1.734466
102.875 1.921979
103.0 0.955554
103.125 2.303707
103.25 2.729447
103.375 1.846119
103.5 3.215154
103.625 1.436529
103.75 0.683815
103.875 2.330051
104.0 1.396135
104.125 0.292247
104.25 2.908288
104.375 0.801599
104.5 1.735129
104.625 1.401507
104.75 2.131570
104.875 0.553015
105.0 1.810152
105.125 2.259757
105.25 2.408709
105.375 1.136128
105.5 0.983217
105.625 2.056816
105.75 2.080867
105.875 1.341699
106.0 2.145618
106.125 2.543188
106.25 2.399291
106.375 1.509033
106.5 1.219005
106.625 0.915098
106.75 1.888988
106.875 1.283114
107.0 2.152291
107.125 2.058112
107.25 2.196492
107.375 0.068208
107.5 1.776681
107.625 0.702628
107.75 1.141687
107.875 0.931791
108.0 1.955673
108.125 2.300950
108.25 2.124938
108.375 1.245954
108.5 0.545885
108.625 1.760467
108.75 1.633887
108.875 2.749281
109.0 1.980848
109.125 1.612218
109.25 1.967877
109.375 0.796401
109.5 0.941152
109.625 2.926169
109.75 1.665028
109.875 1.997277
110.0 1.009918
110.125 1.903180
110.25 0.461480
110.375 0.768187
110.5 2.574013
110.625 1.165996
110.75 1.226211
110.875 2.146619
111.0 2.945432
111.125 1.041668
111.25 2.311207
111.375 0.302212
111.5 1.241066
111.625 0.378032
111.75 0.965850
111.875 0.609987
112.0 0.976904
112.125 3.423023
112.25 2.532499
112.375 0.657077
112.5 1.482654
112.625 1.544550
112.75 2.613138
112.875 1.075382
113.0 2.965207
113.125 1.973443
113.25 1.758172
113.375 2.338959
113.5 2.828205
113.625 3.458933
113.75 1.891505
113.875 4.020629
114.0 1.710111
114.125 0.257181
114.25 3.531491
114.375 2.680338
114.5 1.910543
114.625 2.669007
114.75 2.042857
114.875 2.030017
115.0 2.942286
115.125 1.408531
115.25 1.102154
115.375 2.374210
115.5 0.442605
115.625 2.048871
115.75 1.297585
115.875 2.385654
116.0 2.299205
116.125 3.452244
116.25 1.597924
116.375 1.515310
116.5 1.852669
116.625 1.545305
116.75 2.943845
116.875 0.903540
117.0 0.823108
117.125 0.728928
117.25 4.332781
117.375 0.661036
117.5 3.250633
117.625 2.697643
117.75 0.950777
117.875 1.118248
118.0 2.600222
118.125 0.925994
118.25 2.822476
118.375 1.049018
118.5 1.103695
118.625 2.006851
118.75 1.198142
118.875 1.713971
119.0 1.121518
119.125 1.294132
119.25 2.350114
119.375 1.233836
119.5 1.064317
119.625 2.493716
119.75 2.476992
119.875 2.333046
120.0 0.911537
120.125 0.735011
120.25 1.460778
120.375 0.942644
120.5 0.833647
120.625 0.810325
120.75 1.123648
120.875 3.882591
121.0 1.846103
121.125 1.694721
121.25 2.444027
121.375 0.966625
121.5 1.307856
121.625 0.564799
121.75 1.397641
121.875 2.301282
122.0 1.213015
122.125 1.713047
122.25 2.547273
122.375 0.740183
122.5 3.030150
122.625 1.380446
122.75 2.584659
122.875 1.654606
123.0 2.103518
123.125 1.769976
123.25 0.687971
123.375 1.098898
123.5 1.637669
123.625 1.610682
123.75 2.269973
123.875 1.108271
124.0 1.391872
124.125 1.341338
124.25 1.102750
124.375 0.872475
124.5 1.906940
124.625 1.464027
124.75 0.183705
124.875 2.318382
125.0 0.396036
125.125 1.893894
125.25 1.444014
125.375 0.617003
125.5 0.256018
125.625 3.158819
125.75 2.078773
125.875 1.145797
126.0 2.119812
126.125 0.547072
126.25 1.437733
126.375 2.022613
126.5 1.801888
126.625 1.623057
126.75 1.893407
126.875 1.084321
127.0 0.448991
127.125 2.972685
127.25 1.011685
127.375 1.496230
127.5 2.549331
127.625 2.282904
127.75 1.131167
127.875 2.738698
128.0 0.836495
128.125 1.466688
128.25 2.367271
128.375 2.218683
128.5 1.502521
128.625 3.334007
128.75 2.254270
128.875 1.082594
129.0 1.416602
129.125 1.561303
129.25 3.317462
129.375 0.783234
129.5 2.786892
129.625 2.015790
129.75 1.164521
129.875 3.045081
130.0 2.742272
130.125 2.226402
130.25 1.174583
130.375 2.221456
130.5 2.119100
130.625 2.175136
130.75 1.553010
130.875 0.480288
131.0 2.238446
131.125 2.065335
131.25 2.957689
131.375 2.133288
131.5 1.478041
131.625 0.490289
131.75 1.584101
131.875 1.147625
132.0 3.351251
132.125 0.723010
132.25 1.818161
132.375 2.804145
132.5 0.944968
132.625 1.676908
132.75 1.250602
132.875 1.070361
133.0 1.921505
133.125 1.484323
133.25 2.322472
133.375 1.004810
133.5 1.071694
133.625 2.172917
133.75 0.447337
133.875 2.521939
134.0 2.763994
134.125 1.078975
134.25 1.365262
134.375 1.675778
134.5 0.775454
134.625 1.236020
134.75 2.509862
134.875 0.507799
135.0 1.251967
135.125 3.181630
135.25 1.957266
135.375 1.229415
135.5 0.682766
135.625 1.287048
135.75 0.927853
135.875 0.945309
136.0 2.055749
136.125 2.915499
136.25 0.954772
136.375 0.682003
136.5 4.388536
136.625 1.692195
136.75 2.408656
136.875 1.311167
137.0 2.204487
137.125 0.786637
137.25 2.726606
137.375 0.825442
137.5 0.196113
137.625 1.402196
137.75 1.630325
137.875 1.716662
138.0 1.435757
138.125 3.540544
138.25 3.959602
138.375 1.298058
138.5 2.685677
138.625 0.636135
138.75 1.193416
138.875 0.668381
139.0 1.400535
139.125 0.432955
139.25 1.917038
139.375 1.665884
139.5 3.400590
139.625 1.509536
139.75 1.343811
139.875 2.350417
140.0 0.576725
140.125 1.427930
140.25 0.405183
140.375 3.417338
140.5 1.735277
140.625 0.865490
140.75 2.077312
140.875 1.984464
141.0 2.165336
141.125 3.357843
141.25 2.972609
141.375 1.290987
141.5 0.498882
141.625 0.962640
141.75 2.967130
141.875 0.750444
142.0 0.383949
142.125 1.019626
142.25 1.558283
142.375 0.829477
142.5 0.816811
142.625 1.306301
142.75 1.724109
142.875 2.548080
143.0 0.616864
143.125 1.783324
143.25 1.422738
143.375 2.426433
143.5 4.150260
143.625 0.877411
143.75 1.680298
143.875 1.865717
144.0 2.477942
144.125 2.986186
144.25 1.163430
144.375 4.175327
144.5 1.844870
144.625 0.873970
144.75 1.001686
144.875 1.126790
145.0 0.352423
145.125 1.697658
145.25 2.522486
145.375 0.768669
145.5 2.437270
145.625 0.631848
145.75 1.621491
145.875 0.602452
146.0 2.195564
146.125 1.526174
146.25 1.321076
146.375 1.272468
146.5 1.392850
146.625 1.626575
146.75 1.615350
146.875 2.322038
147.0 0.545890
147.125 2.724567
147.25 2.620850
147.375 2.740423
147.5 3.037828
147.625 2.124504
147.75 1.750308
147.875 1.184501
148.0 3.691363
148.125 2.505306
148.25 1.424528
148.375 1.139058
148.5 0.797428
148.625 3.966624
148.75 1.473222
148.875 2.394620
149.0 0.511343
149.125 1.277554
149.25 0.108895
149.375 2.372712
149.5 1.178747
149.625 1.498631
149.75 0.668684
149.875 0.731074
150.0 1.357771
150.125 1.582713
150.25 2.097067
150.375 1.930138
150.5 1.245246
150.625 0.723140
150.75 1.328987
150.875 0.201887
151.0 1.052590
151.125 2.635522
151.25 1.162355
151.375 1.481245
151.5 1.855847
151.625 1.991225
151.75 0.432427
151.875 0.951431
152.0 2.228621
152.125 0.542055
152.25 1.263173
152.375 2.376920
152.5 1.312984
152.625 0.726265
152.75 1.948725
152.875 1.838071
153.0 2.350227
153.125 2.117184
153.25 0.839897
153.375 2.124803
153.5 0.977221
153.625 0.484540
153.75 2.327793
153.875 1.970985
154.0 0.482935
154.125 1.611021
154.25 2.535231
154.375 0.380197
154.5 0.435580
154.625 1.741597
154.75 2.082400
154.875 0.611078
155.0 1.191888
155.125 1.407857
155.25 3.360572
155.375 2.194249
155.5 1.206959
155.625 1.411965
155.75 1.812018
155.875 1.013100
156.0 0.736965
156.125 0.543196
156.25 1.480333
156.375 1.187075
156.5 2.463422
156.625 2.146789
156.75 1.325151
156.875 0.929379
157.0 0.930730
157.125 2.497771
157.25 2.121164
157.375 2.708010
157.5 0.446142
157.625 0.539812
157.75 0.821521
157.875 1.011265
158.0 1.996584
158.125 0.308883
158.25 2.666858
158.375 1.582149
158.5 2.146618
158.625 0.315060
158.75 1.501951
158.875 1.517589
159.0 1.081972
159.125 1.581267
159.25 0.618199
159.375 0.231860
159.5 1.071112
159.625 1.611653
159.75 1.669023
159.875 0.164808
160.0 1.617437
160.125 1.652522
160.25 0.118146
160.375 0.382656
160.5 0.519259
160.625 0.366400
160.75 3.034078
160.875 0.439455
161.0 2.540003
161.125 0.605055
161.25 1.117669
161.375 1.012512
161.5 0.663098
161.625 1.074001
161.75 1.890089
161.875 1.542912
162.0 2.264715
162.125 1.813783
162.25 1.795430
162.375 1.566443
162.5 0.924155
162.625 0.849517
162.75 2.843649
162.875 2.595356
163.0 0.587549
163.125 1.493552
163.25 0.654957
163.375 1.602416
163.5 0.743413
163.625 0.739536
163.75 1.242507
163.875 1.144872
164.0 2.049375
164.125 0.979476
164.25 1.117225
164.375 1.026679
164.5 2.135741
164.625 1.725167
164.75 1.535676
164.875 0.309300
165.0 1.518784
165.125 2.619205
165.25 0.598151
165.375 0.946915
165.5 0.856023
165.625 1.663914
165.75 0.560615
165.875 1.274820
166.0 0.730091
166.125 1.024388
166.25 2.282494
166.375 1.808483
166.5 0.941478
166.625 0.448530
166.75 2.038981
166.875 0.499010
167.0 1.220325
167.125 0.585173
167.25 0.782287
167.375 0.940354
167.5 0.418822
167.625 1.808727
167.75 0.277612
167.875 1.975305
168.0 0.797212
168.125 1.699729
168.25 1.250842
168.375 1.063095
168.5 2.951359
168.625 0.305710
168.75 0.978851
168.875 0.316023
169.0 1.994283
169.125 1.581131
169.25 0.714950
169.375 1.732015
169.5 2.031474
169.625 0.773636
169.75 0.745655
169.875 0.999411
170.0 1.066892
170.125 0.979645
170.25 0.644990
170.375 0.086738
170.5 1.443963
170.625 1.082561
170.75 0.721101
170.875 1.156389
171.0 1.171331
171.125 1.198105
171.25 1.220946
171.375 0.958080
171.5 1.298213
171.625 1.379107
171.75 1.178392
171.875 1.383096
172.0 1.303992
172.125 0.724057
172.25 2.429096
172.375 1.733870
172.5 0.975558
172.625 2.413676
172.75 1.126688
172.875 1.329703
173.0 0.425613
173.125 1.145091
173.25 0.260279
173.375 2.883852
173.5 0.438041
173.625 2.019586
173.75 1.885687
173.875 0.881808
174.0 1.182621
174.125 0.635114
174.25 0.907297
174.375 1.128544
174.5 1.116679
174.625 1.493716
174.75 2.081917
174.875 1.263558
175.0 0.375682
175.125 1.029942
175.25 0.622612
175.375 2.260454
175.5 0.937696
175.625 1.853309
175.75 1.425970
175.875 0.733269
176.0 2.551215
176.125 1.575318
176.25 1.802516
176.375 0.743903
176.5 2.273265
176.625 1.031690
176.75 0.203750
176.875 1.801311
177.0 1.867520
177.125 1.293330
177.25 1.179754
177.375 0.324236
177.5 0.731129
177.625 1.547340
177.75 0.987473
177.875 1.385817
178.0 0.621760
178.125 1.356078
178.25 1.197394
178.375 0.862094
178.5 2.327034
178.625 1.102909
178.75 1.171073
178.875 1.264392
179.0 1.498599
179.125 0.857498
179.25 0.523238
179.375 1.103533
179.5 1.005062
179.625 0.848230
179.75 0.171537
179.875 1.314653
180.0 0.994742
180.125 0.561867
180.25 0.417727
180.375 1.204945
180.5 1.308280
180.625 0.383253
180.75 1.254406
180.875 0.224363
181.0 0.413329
181.125 0.440826
181.25 0.799391
181.375 0.391849
181.5 1.426621
181.625 1.036503
181.75 1.310306
181.875 1.161839
182.0 0.934065
182.125 0.177630
182.25 1.374788
182.375 0.953561
182.5 1.492007
182.625 1.303391
182.75 1.198966
182.875 1.184283
183.0 0.812825
183.125 1.276005
183.25 1.193123
183.375 1.548817
183.5 1.039086
183.625 1.093464
183.75 0.472070
183.875 1.198734
184.0 0.476915
184.125 0.875455
184.25 0.266063
184.375 0.736051
184.5 0.177489
184.625 0.909747
184.75 0.929867
184.875 0.707730
185.0 0.827402
185.125 1.387263
185.25 1.477787
185.375 0.812809
185.5 1.207836
185.625 0.912573
185.75 1.257844
185.875 0.209093
186.0 1.897260
186.125 0.965450
186.25 0.691527
186.375 0.329066
186.5 0.426823
186.625 1.364766
186.75 0.656765
186.875 0.006650
187.0 1.962948
187.125 0.579527
187.25 0.053950
187.375 0.623620
187.5 0.204421
187.625 0.082906
187.75 0.978911
187.875 1.863454
188.0 1.911612
188.125 1.010184
188.25 0.520316
188.375 0.427270
188.5 1.728913
188.625 0.423159
188.75 1.157231
188.875 0.610978
189.0 1.042448
189.125 0.392336
189.25 0.703263
189.375 0.816274
189.5 0.827745
189.625 1.334524
189.75 1.333576
189.875 1.306643
190.0 1.332236
190.125 0.415039
190.25 1.697064
190.375 1.445600
190.5 0.871705
190.625 0.756398
190.75 0.993906
190.875 0.496553
191.0 0.586774
191.125 0.515239
191.25 0.067422
191.375 0.342616
191.5 0.914222
191.625 0.297327
191.75 0.368254
191.875 1.445945
192.0 0.486949
192.125 0.453511
192.25 1.209046
192.375 1.536398
192.5 0.952340
192.625 0.950009
192.75 0.591398
192.875 0.266200
193.0 0.566120
193.125 2.040959
193.25 1.091807
193.375 0.905461
193.5 1.140379
193.625 1.020950
193.75 1.344549
193.875 0.887028
194.0 0.987074
194.125 2.205997
194.25 0.069130
194.375 1.021236
194.5 0.499396
194.625 0.440305
194.75 1.313448
194.875 0.532431
195.0 1.115994
195.125 0.120574
195.25 0.502821
195.375 0.348746
195.5 0.535116
195.625 0.157647
195.75 0.621771
195.875 0.414876
196.0 0.671789
196.125 0.068266
196.25 0.458444
196.375 0.692439
196.5 1.028810
196.625 1.729708
196.75 0.569141
196.875 0.418255
197.0 0.573417
197.125 0.814766
197.25 0.643384
197.375 1.127088
197.5 1.062774
197.625 0.856399
197.75 0.299639
197.875 1.608491
198.0 0.584027
198.125 0.837656
198.25 1.097322
198.375 0.168133
198.5 0.908503
198.625 1.456014
198.75 1.810895
198.875 0.502656
199.0 1.269804
199.125 0.967833
199.25 0.538536
199.375 1.016709
199.5 0.496125
199.625 0.453227
199.75 0.672192
199.875 0.559794
200.0 0.650202
200.125 0.388014
200.25 0.046125
200.375 0.517242
200.5 1.388316
200.625 1.638313
200.75 0.662777
200.875 2.840402
201.0 0.306995
201.125 0.177857
201.25 1.742878
201.375 0.306564
201.5 1.103789
201.625 0.928168
201.75 1.587578
201.875 1.496569
202.0 1.095447
202.125 0.728610
202.25 0.646921
202.375 1.047623
202.5 1.090296
202.625 0.539351
202.75 0.474823
202.875 0.765250
203.0 1.225630
203.125 0.382890
203.25 1.641306
203.375 1.190846
203.5 0.502554
203.625 0.443408
203.75 0.809553
203.875 1.145949
204.0 0.560101
204.125 0.838982
204.25 0.782763
204.375 0.695690
204.5 0.221030
204.625 1.219315
204.75 1.274402
204.875 1.264915
205.0 0.531682
205.125 0.784895
205.25 0.386877
205.375 0.205890
205.5 1.231196
205.625 1.575233
205.75 0.895731
205.875 0.418438
206.0 0.865921
206.125 0.877737
206.25 1.463826
206.375 0.552230
206.5 0.645469
206.625 0.886884
206.75 0.289921
206.875 0.718572
207.0 0.235595
207.125 0.241310
207.25 0.528812
207.375 0.781309
207.5 0.427446
207.625 0.379837
207.75 1.733592
207.875 0.808028
208.0 1.025257
208.125 1.127551
208.25 1.073974
208.375 1.108598
208.5 0.784662
208.625 0.306231
208.75 0.446840
208.875 0.443692
209.0 0.094833
209.125 0.650985
209.25 0.536879
209.375 0.777844
209.5 0.486739
209.625 0.271211
209.75 0.575734
209.875 0.703691
210.0 1.035456
210.125 0.431471
210.25 1.082410
210.375 0.351635
210.5 1.236767
210.625 0.222004
210.75 0.543531
210.875 0.831546
211.0 0.508804
211.125 0.308529
211.25 0.862626
211.375 0.528963
211.5 0.276707
211.625 0.122494
211.75 1.341854
211.875 1.331624
212.0 0.563429
212.125 0.688076
212.25 0.744754
212.375 0.501684
212.5 0.755125
212.625 0.589359
212.75 0.522562
212.875 0.924163
213.0 1.417792
213.125 0.614023
213.25 0.458348
213.375 0.746245
213.5 0.485770
213.625 1.471355
213.75 1.387979
213.875 1.182159
214.0 0.608043
214.125 0.549568
214.25 0.477825
214.375 0.638227
214.5 0.957921
214.625 0.564157
214.75 0.331870
214.875 1.010524
215.0 0.943435
215.125 0.957155
215.25 1.086518
215.375 0.814079
215.5 1.961362
215.625 0.762187
215.75 0.397908
215.875 1.776421
216.0 0.131624
216.125 0.333233
216.25 1.027593
216.375 0.710471
216.5 0.763909
216.625 0.616716
216.75 0.624340
216.875 0.763815
217.0 0.308674
217.125 0.591204
217.25 0.440915
217.375 0.667113
217.5 0.586566
217.625 0.237810
217.75 0.663973
217.875 0.608396
218.0 0.723787
218.125 1.397265
218.25 1.337322
218.375 0.448710
218.5 0.247826
218.625 0.667589
218.75 0.597601
218.875 0.509039
219.0 0.356475
219.125 0.460279
219.25 0.594164
219.375 0.375987
219.5 0.345746
219.625 0.170826
219.75 0.564158
219.875 0.787055
220.0 0.630609
220.125 0.276742
220.25 0.606655
220.375 0.767506
220.5 0.584355
220.625 0.434604
220.75 0.455908
220.875 0.564191
221.0 0.822480
221.125 0.553846
221.25 0.945534
221.375 1.179195
221.5 0.592031
221.625 0.607183
221.75 1.262788
221.875 0.473894
222.0 1.152966
222.125 0.303711
222.25 1.230565
222.375 1.498243
222.5 0.559727
222.625 0.453084
222.75 0.755583
222.875 0.750924
223.0 0.393072
223.125 1.018985
223.25 1.490014
223.375 0.617003
223.5 0.662951
223.625 0.476359
223.75 0.434621
223.875 0.553175
224.0 0.427081
224.125 0.861483
224.25 0.281274
224.375 0.347579
224.5 1.653456
224.625 0.673423
224.75 0.237373
224.875 1.305352
225.0 0.993515
225.125 1.251633
225.25 0.654392
225.375 0.654820
225.5 1.588680
225.625 0.570592
225.75 0.377479
225.875 0.840254
226.0 0.542399
226.125 0.464002
226.25 0.750344
226.375 0.950061
226.5 0.796662
226.625 0.614274
226.75 0.733327
226.875 0.482922
227.0 1.202748
227.125 1.000565
227.25 0.378568
227.375 0.850114
227.5 0.667422
227.625 0.707779
227.75 0.539273
227.875 1.133823
228.0 0.936788
228.125 0.325392
228.25 0.863585
228.375 0.345150
228.5 0.890855
228.625 0.592422
228.75 0.753303
228.875 0.625254
229.0 1.035007
229.125 0.248200
229.25 0.354635
229.375 0.264596
229.5 0.930175
229.625 0.419879
229.75 1.496110
229.875 0.512603
230.0 0.255065
230.125 0.262606
230.25 0.089491
230.375 0.865520
230.5 0.641963
230.625 0.727309
230.75 0.564702
230.875 0.290566
231.0 1.161788
231.125 0.207383
231.25 0.963149
231.375 0.296467
231.5 0.836218
231.625 0.718332
231.75 0.290765
231.875 0.816211
232.0 0.318663
232.125 0.254035
232.25 0.251638
232.375 0.738119
232.5 0.393277
232.625 0.574765
232.75 0.783621
232.875 0.519592
233.0 0.404439
233.125 0.748222
233.25 1.101111
233.375 0.927643
233.5 0.391424
233.625 0.360949
233.75 0.912878
233.875 0.709093
234.0 0.991456
234.125 0.168367
234.25 1.103953
234.375 0.998773
234.5 0.348579
234.625 1.037378
234.75 0.418666
234.875 0.347450
235.0 0.862373
235.125 1.392022
235.25 0.198091
235.375 0.605910
235.5 0.473378
235.625 0.786555
235.75 0.592812
235.875 1.010941
236.0 1.448748
236.125 0.317833
236.25 0.707719
236.375 0.880061
236.5 0.792345
236.625 0.464546
236.75 0.387935
236.875 1.197121
237.0 0.669567
237.125 0.489722
237.25 0.148050
237.375 0.263615
237.5 0.465247
237.625 0.848126
237.75 0.296406
237.875 0.433625
238.0 0.446448
238.125 0.614724
238.25 0.351244
238.375 1.181894
238.5 0.671560
238.625 0.228088
238.75 0.519651
238.875 1.116194
239.0 0.506731
239.125 0.789298
239.25 0.323816
239.375 0.496154
239.5 1.073570
239.625 0.257437
239.75 0.699005
239.875 1.569348
240.0 0.526416
240.125 0.588923
240.25 0.512260
240.375 0.395941
240.5 0.820466
240.625 1.129190
240.75 0.960425
240.875 0.491133
241.0 0.390581
241.125 0.092362
241.25 0.649337
241.375 0.304524
241.5 0.595684
241.625 0.677740
241.75 0.622984
241.875 0.436384
242.0 0.825655
242.125 0.201280
242.25 0.328584
242.375 0.791272
242.5 0.978065
242.625 0.053491
242.75 1.078227
242.875 1.003088
243.0 0.890292
243.125 0.394802
243.25 0.652935
243.375 0.211777
243.5 0.245822
243.625 1.237571
243.75 0.909597
243.875 0.129165
244.0 0.126498
244.125 0.255743
244.25 0.501429
244.375 0.543663
244.5 1.301332
244.625 0.214879
244.75 1.421177
244.875 0.740835
245.0 1.032498
245.125 0.789522
245.25 1.011483
245.375 0.546560
245.5 0.745068
245.625 0.360875
245.75 0.623907
245.875 0.800361
246.0 1.061280
246.125 0.363766
246.25 0.323870
246.375 0.325725
246.5 0.398610
246.625 0.539857
246.75 0.076182
246.875 0.694618
247.0 1.336366
247.125 0.577651
247.25 0.667844
247.375 0.943130
247.5 0.434410
247.625 0.470483
247.75 0.662318
247.875 0.630780
248.0 0.661651
248.125 0.689165
248.25 0.784191
248.375 0.810473
248.5 0.267157
248.625 0.473921
248.75 0.609811
248.875 0.860185
249.0 0.495842
249.125 1.042903
249.25 0.188516
249.375 0.649611
249.5 0.233598
249.625 0.898102
249.75 0.723743
249.875 0.389665
250.0 0.131727
250.125 0.522546
250.25 0.562271
250.375 0.499082
250.5 0.177914
250.625 0.551591
250.75 0.307197
250.875 0.961178
251.0 0.660715
251.125 0.201839
251.25 0.531116
251.375 0.579020
251.5 0.636118
251.625 0.533318
251.75 0.781896
251.875 1.101921
252.0 0.546345
252.125 0.703970
252.25 0.630203
252.375 0.503180
252.5 0.534165
252.625 0.215337
252.75 0.916781
252.875 0.466849
253.0 1.172005
253.125 0.520832
253.25 0.580651
253.375 0.148414
253.5 0.255522
253.625 0.432439
253.75 0.468946
253.875 0.920964
254.0 1.348162
254.125 1.157630
254.25 0.574557
254.375 0.403015
254.5 0.655025
254.625 0.343269
254.75 0.505554
254.875 0.645327
255.0 0.805440
255.125 0.629840
255.25 0.579642
255.375 0.284166
255.5 0.156073
255.625 0.518351
255.75 0.351978
255.875 0.457228
256.0 0.229879
