0 44175.931768
0.125 25.262710
0.25 7.360585
0.375 16.508206
0.5 39.099083
0.625 23.627993
0.75 48.871367
0.875 55.641936
1.0 11.020919
1.125 33.405046
1.25 13.798164
1.375 61.477760
1.5 32.671566
1.625 24.402008
1.75 31.367964
1.875 48.637978
2.0 37.130685
2.125 32.042446
2.25 51.426069
2.375 17.866773
2.5 20.277178
2.625 7.923526
2.75 13.482818
2.875 43.787879
3.0 3.946733
3.125 15.934455
3.25 28.886343
3.375 71.060557
3.5 13.089216
3.625 33.423342
3.75 36.403994
3.875 30.321613
4.0 56.681994
4.125 19.208709
4.25 39.565220
4.375 25.221095
4.5 17.951130
4.625 13.616622
4.75 13.049245
4.875 55.154105
5.0 30.805493
5.125 28.911690
5.25 8.561194
5.375 25.553612
5.5 7.498524
5.625 11.108774
5.75 3.302252
5.875 28.115019
6.0 18.483166
6.125 4.720779
6.25 20.776754
6.375 9.434460
6.5 14.014268
6.625 10.828189
6.75 26.552503
6.875 11.099969
7.0 4.244931
7.125 30.545697
7.25 20.945419
7.375 7.956063
7.5 19.723612
7.625 30.576528
7.75 33.458307
7.875 8.902541
8.0 15.644233
8.125 11.335426
8.25 16.686224
8.375 11.688592
8.5 22.842999
8.625 17.484193
8.75 12.462472
8.875 24.087796
9.0 11.932133
9.125 18.015849
9.25 8.327471
9.375 5.815768
9.5 21.846920
9.625 7.306105
9.75 16.360112
9.875 13.736135
10.0 20.454627
10.125 23.573634
10.25 22.024236
10.375 16.805269
10.5 20.190650
10.625 18.067501
10.75 17.986001
10.875 14.748994
11.0 16.541763
11.125 10.113964
11.25 11.032171
11.375 5.675103
11.5 18.809731
11.625 16.557419
11.75 8.769414
11.875 22.439710
12.0 18.835683
12.125 2.710886
12.25 7.637151
12.375 3.041820
12.5 18.681533
12.625 13.776859
12.75 11.628944
12.875 16.245577
13.0 7.424596
13.125 6.547714
13.25 18.595898
13.375 4.056078
13.5 9.537489
13.625 2.942109
13.75 2.956994
13.875 2.875850
14.0 19.996953
14.125 18.914917
14.25 5.686538
14.375 1.049699
14.5 3.884740
14.625 11.145090
14.75 20.155993
14.875 6.352710
15.0 4.420103
15.125 6.936806
15.25 8.908111
15.375 13.942395
15.5 2.785397
15.625 13.769569
15.75 6.903192
15.875 10.762226
16.0 9.692173
16.125 10.394971
16.25 8.672073
16.375 9.666243
16.5 10.861109
16.625 3.734134
16.75 7.285662
16.875 9.199205
17.0 10.794228
17.125 5.371702
17.25 5.474800
17.375 5.435704
17.5 10.997275
17.625 8.197556
17.75 9.073744
17.875 3.125149
18.0 2.728957
18.125 3.000006
18.25 4.101987
18.375 7.057589
18.5 9.658466
18.625 8.234569
18.75 10.139288
18.875 4.892797
19.0 5.191658
19.125 7.394750
19.25 5.460633
19.375 7.384008
19.5 4.064230
19.625 5.864350
19.75 10.293931
19.875 1.106550
20.0 7.863495
20.125 6.227488
20.25 6.506235
20.375 2.542713
20.5 7.056396
20.625 3.261650
20.75 2.671492
20.875 5.377231
21.0 8.672614
21.125 4.023816
21.25 2.216767
21.375 0.226128
21.5 8.746809
21.625 8.224451
21.75 0.671270
21.875 10.139671
22.0 3.939859
22.125 1.993174
22.25 1.467713
22.375 7.847983
22.5 7.286023
22.625 1.715011
22.75 3.498570
22.875 3.459294
23.0 2.922614
23.125 4.541123
23.25 5.133870
23.375 4.761697
23.5 9.558499
23.625 4.141045
23.75 9.621385
23.875 4.586633
24.0 6.977372
24.125 4.013642
24.25 9.268811
24.375 3.366183
24.5 3.647868
24.625 4.141426
24.75 2.491478
24.875 6.401285
25.0 3.130086
25.125 4.548357
25.25 3.304646
25.375 4.608843
25.5 4.606191
25.625 2.161485
25.75 5.040814
25.875 3.242092
26.0 5.482227
26.125 4.378296
26.25 4.378566
26.375 0.745047
26.5 5.800291
26.625 2.245723
26.75 9.658503
26.875 5.086736
27.0 3.117797
27.125 3.219867
27.25 7.836053
27.375 1.885816
27.5 1.286427
27.625 4.820678
27.75 3.747707
27.875 5.251247
28.0 6.016903
28.125 1.635697
28.25 5.284925
28.375 4.844499
28.5 5.528275
28.625 1.683783
28.75 0.554762
28.875 11.494536
29.0 3.545403
29.125 6.429361
29.25 3.524900
29.375 5.491239
29.5 5.581145
29.625 2.823309
29.75 4.996176
29.875 7.528203
30.0 0.788589
30.125 0.515136
30.25 0.384508
30.375 2.792450
30.5 4.883467
30.625 4.120572
30.75 7.916685
30.875 1.100763
31.0 3.162764
31.125 2.108249
31.25 7.389260
31.375 6.106379
31.5 1.944445
31.625 3.324036
31.75 4.143521
31.875 6.447570
32.0 0.551116
32.125 3.830861
32.25 1.528904
32.375 2.887765
32.5 3.854896
32.625 3.537116
32.75 4.003756
32.875 2.700149
33.0 0.837986
33.125 1.076527
33.25 2.443778
33.375 6.555570
33.5 2.606030
33.625 2.024213
33.75 0.615423
33.875 5.861455
34.0 0.589882
34.125 2.414523
34.25 4.148043
34.375 1.642993
34.5 1.209436
34.625 1.854742
34.75 4.501206
34.875 1.436684
35.0 4.959785
35.125 3.515841
35.25 3.117882
35.375 2.743554
35.5 3.678708
35.625 2.837686
35.75 1.731537
35.875 2.755575
36.0 3.556082
36.125 2.949190
36.25 4.291576
36.375 2.802979
36.5 1.825464
36.625 1.636367
36.75 2.508981
36.875 3.006698
37.0 4.312515
37.125 4.254883
37.25 0.508173
37.375 1.228408
37.5 3.120592
37.625 2.583835
37.75 0.930641
37.875 3.148015
38.0 3.320263
38.125 2.044603
38.25 7.200887
38.375 0.493780
38.5 1.620140
38.625 0.895571
38.75 2.671368
38.875 5.131391
39.0 5.433060
39.125 3.227292
39.25 1.929169
39.375 0.628270
39.5 3.018469
39.625 2.778747
39.75 1.758456
39.875 3.061955
40.0 3.371092
40.125 2.549947
40.25 2.960684
40.375 0.692482
40.5 1.821182
40.625 2.094102
40.75 2.486014
40.875 3.043528
41.0 1.756922
41.125 2.369259
41.25 2.204119
41.375 4.905500
41.5 5.454717
41.625 1.068295
41.75 1.973772
41.875 1.495984
42.0 3.582136
42.125 3.534409
42.25 4.211155
42.375 3.063505
42.5 1.877200
42.625 3.445373
42.75 1.845982
42.875 4.131742
43.0 3.357764
43.125 0.861918
43.25 1.585150
43.375 0.211678
43.5 2.142487
43.625 2.352706
43.75 3.987002
43.875 4.908494
44.0 5.410715
44.125 3.580525
44.25 2.308105
44.375 3.615116
44.5 4.086600
44.625 1.735464
44.75 3.536120
44.875 5.524236
45.0 0.486931
45.125 3.444066
45.25 3.186138
45.375 5.705390
45.5 4.786771
45.625 2.406719
45.75 1.519671
45.875 2.236324
46.0 2.413643
46.125 2.602590
46.25 3.631750
46.375 1.029627
46.5 3.627514
46.625 1.418018
46.75 3.187137
46.875 1.904899
47.0 4.690641
47.125 0.516657
47.25 2.276966
47.375 1.429294
47.5 1.819675
47.625 2.820779
47.75 4.630558
47.875 4.795718
48.0 1.539309
48.125 1.670436
48.25 1.747439
48.375 0.608829
48.5 2.719310
48.625 4.322790
48.75 0.394504
48.875 2.533092
49.0 3.387826
49.125 2.000911
49.25 1.148170
49.375 2.143976
49.5 2.478089
49.625 2.314427
49.75 2.319314
49.875 2.652677
50.0 3.619941
50.125 1.512988
50.25 4.390153
50.375 1.493918
50.5 3.701059
50.625 2.103228
50.75 1.720295
50.875 3.612234
51.0 1.407942
51.125 1.201581
51.25 1.704106
51.375 1.060303
51.5 2.989671
51.625 1.948527
51.75 4.476515
51.875 1.822120
52.0 0.543269
52.125 0.173830
52.25 1.983883
52.375 4.062749
52.5 2.578621
52.625 1.522711
52.75 1.653853
52.875 3.539264
53.0 1.295348
53.125 3.612285
53.25 3.991917
53.375 1.306763
53.5 4.008913
53.625 0.870937
53.75 2.954146
53.875 1.843447
54.0 4.431382
54.125 2.529909
54.25 0.557045
54.375 1.500251
54.5 2.383082
54.625 3.539870
54.75 3.047442
54.875 3.738546
55.0 1.181541
55.125 3.979608
55.25 3.444260
55.375 1.258983
55.5 0.612694
55.625 2.035209
55.75 0.680261
55.875 1.779302
56.0 0.595355
56.125 1.927433
56.25 1.106715
56.375 1.014034
56.5 1.389265
56.625 2.610792
56.75 0.490347
56.875 1.610365
57.0 3.252702
57.125 1.461293
57.25 3.069458
57.375 1.404911
57.5 2.024543
57.625 2.107235
57.75 1.596124
57.875 2.675468
58.0 2.076563
58.125 2.864014
58.25 1.750879
58.375 1.680445
58.5 0.305545
58.625 2.677356
58.75 2.491990
58.875 3.182332
59.0 2.882434
59.125 2.334469
59.25 1.214761
59.375 3.351640
59.5 0.789745
59.625 1.070156
59.75 1.780427
59.875 2.342837
60.0 2.799687
60.125 1.125784
60.25 1.269419
60.375 0.421254
60.5 0.510039
60.625 0.394466
60.75 0.720250
60.875 0.354075
61.0 3.392803
61.125 0.070921
61.25 0.852506
61.375 2.368093
61.5 0.994805
61.625 0.888893
61.75 1.060292
61.875 1.994645
62.0 0.580795
62.125 3.527800
62.25 0.473298
62.375 3.990801
62.5 2.966912
62.625 1.924347
62.75 2.472471
62.875 1.046565
63.0 2.181640
63.125 0.739186
63.25 3.310464
63.375 1.154285
63.5 1.629206
63.625 2.306699
63.75 1.774531
63.875 2.238709
64.0 0.571969
64.125 1.316356
64.25 2.201887
64.375 1.318752
64.5 1.100160
64.625 2.678091
64.75 0.548101
64.875 0.963191
65.0 1.126556
65.125 1.036525
65.25 2.178521
65.375 1.081517
65.5 1.878871
65.625 2.716967
65.75 1.134194
65.875 1.879229
66.0 0.929104
66.125 1.899046
66.25 1.703910
66.375 1.306632
66.5 1.191329
66.625 0.585615
66.75 1.612878
66.875 1.748120
67.0 1.093796
67.125 2.127854
67.25 1.406923
67.375 1.472080
67.5 1.440404
67.625 0.157435
67.75 1.688794
67.875 1.818816
68.0 1.328586
68.125 2.924596
68.25 1.118130
68.375 1.458095
68.5 1.204204
68.625 1.781582
68.75 2.700822
68.875 1.619902
69.0 0.337154
69.125 2.472664
69.25 2.097362
69.375 0.901570
69.5 2.573447
69.625 0.770156
69.75 1.956858
69.875 0.085793
70.0 1.066952
70.125 0.781771
70.25 2.874311
70.375 2.603014
70.5 2.707838
70.625 2.018813
70.75 1.057700
70.875 0.662374
71.0 1.334962
71.125 1.906831
71.25 1.433736
71.375 1.169120
71.5 2.640623
71.625 1.849976
71.75 2.381207
71.875 0.326196
72.0 1.790681
72.125 1.648366
72.25 1.775015
72.375 1.843043
72.5 2.220276
72.625 3.150885
72.75 2.382544
72.875 2.784259
73.0 2.490828
73.125 1.359660
73.25 0.684206
73.375 1.792044
73.5 1.352509
73.625 0.283253
73.75 2.034221
73.875 2.870205
74.0 1.908708
74.125 1.090884
74.25 1.601454
74.375 1.826626
74.5 0.327989
74.625 0.871316
74.75 2.025920
74.875 1.917633
75.0 2.459430
75.125 2.364184
75.25 2.352133
75.375 0.843215
75.5 1.278648
75.625 2.143588
75.75 1.600526
75.875 3.599428
76.0 2.977857
76.125 1.130308
76.25 0.799474
76.375 1.631374
76.5 1.786745
76.625 1.629869
76.75 1.357060
76.875 0.771827
77.0 1.947541
77.125 1.424728
77.25 2.539766
77.375 1.036011
77.5 1.874427
77.625 1.831639
77.75 1.386329
77.875 1.787374
78.0 0.998219
78.125 1.003685
78.25 1.087505
78.375 2.012300
78.5 1.856137
78.625 3.435267
78.75 3.281977
78.875 0.878967
79.0 0.973952
79.125 1.599519
79.25 1.611531
79.375 1.602978
79.5 1.203218
79.625 1.567032
79.75 0.974567
79.875 0.414150
80.0 1.772601
80.125 1.304991
80.25 1.098105
80.375 0.491087
80.5 1.171368
80.625 1.381107
80.75 1.204491
80.875 0.779488
81.0 0.688183
81.125 0.879994
81.25 0.683662
81.375 1.909423
81.5 3.501122
81.625 2.065736
81.75 1.260094
81.875 0.330567
82.0 1.314585
82.125 1.482735
82.25 0.852782
82.375 0.561126
82.5 2.297278
82.625 1.190959
82.75 0.929388
82.875 2.714173
83.0 0.782053
83.125 1.054497
83.25 0.635196
83.375 2.055258
83.5 0.357380
83.625 0.918138
83.75 2.033245
83.875 0.921662
84.0 0.913864
84.125 1.517222
84.25 1.290912
84.375 0.422673
84.5 1.440525
84.625 0.904971
84.75 2.486131
84.875 1.485050
85.0 0.748494
85.125 1.270988
85.25 0.688846
85.375 2.575810
85.5 0.805684
85.625 0.505286
85.75 0.916809
85.875 0.783532
86.0 0.864360
86.125 1.258748
86.25 0.453217
86.375 1.021714
86.5 1.047458
86.625 2.284551
86.75 1.970264
86.875 1.703862
87.0 1.705597
87.125 0.835887
87.25 2.069899
87.375 0.995531
87.5 1.295496
87.625 1.566450
87.75 0.430404
87.875 0.565075
88.0 1.173466
88.125 0.702434
88.25 0.583685
88.375 1.620182
88.5 0.208479
88.625 1.057558
88.75 0.858565
88.875 0.511716
89.0 1.188206
89.125 1.301649
89.25 2.371770
89.375 2.957830
89.5 0.976878
89.625 1.271683
89.75 1.539416
89.875 1.508535
90.0 0.649716
90.125 1.203597
90.25 1.588130
90.375 0.121927
90.5 0.715078
90.625 1.238385
90.75 0.482787
90.875 2.224694
91.0 1.012777
91.125 1.321724
91.25 0.307869
91.375 0.796927
91.5 2.439945
91.625 0.716743
91.75 1.035684
91.875 1.063584
92.0 0.828546
92.125 0.864352
92.25 1.019965
92.375 1.696324
92.5 1.676844
92.625 0.222406
92.75 1.730217
92.875 1.644213
93.0 0.936509
93.125 1.516459
93.25 1.225608
93.375 2.089004
93.5 1.734886
93.625 1.290952
93.75 0.292430
93.875 0.859472
94.0 1.883547
94.125 0.346071
94.25 0.150374
94.375 1.339957
94.5 1.723096
94.625 2.381976
94.75 0.958913
94.875 0.566821
95.0 1.065097
95.125 0.489870
95.25 0.778983
95.375 1.092820
95.5 0.961134
95.625 1.252079
95.75 0.520263
95.875 1.548381
96.0 0.422493
96.125 1.245504
96.25 1.074324
96.375 0.507267
96.5 1.854490
96.625 0.818590
96.75 0.327648
96.875 0.376877
97.0 0.591406
97.125 0.531212
97.25 1.194668
97.375 1.728844
97.5 0.176493
97.625 0.654921
97.75 0.707994
97.875 0.656540
98.0 0.872157
98.125 0.895771
98.25 1.745244
98.375 0.676769
98.5 1.027907
98.625 1.395047
98.75 0.817317
98.875 1.216790
99.0 0.725076
99.125 2.888309
99.25 0.138581
99.375 1.908987
99.5 1.129519
99.625 0.507400
99.75 0.457177
99.875 0.351652
100.0 1.299085
100.125 0.773167
100.25 1.658239
100.375 1.850400
100.5 1.312083
100.625 1.596159
100.75 2.227762
100.875 0.997962
101.0 1.471769
101.125 0.529102
101.25 0.819513
101.375 1.783747
101.5 1.059183
101.625 0.963322
101.75 0.669585
101.875 0.926742
102.0 1.312789
102.125 0.844579
102.25 0.730510
102.375 0.690432
102.5 0.805186
102.625 0.606783
102.75 2.122215
102.875 0.380276
103.0 0.283527
103.125 0.954204
103.25 0.332514
103.375 0.434455
103.5 0.396062
103.625 0.902615
103.75 1.365801
103.875 0.784573
104.0 2.047747
104.125 0.835247
104.25 0.978942
104.375 0.216293
104.5 1.536022
104.625 0.776811
104.75 0.989336
104.875 1.323199
105.0 1.386272
105.125 0.063872
105.25 0.821163
105.375 0.357374
105.5 1.512752
105.625 1.702090
105.75 1.731979
105.875 0.836780
106.0 1.216658
106.125 1.637626
106.25 0.820045
106.375 0.436438
106.5 0.709222
106.625 0.466802
106.75 0.588641
106.875 0.517344
107.0 0.259468
107.125 0.431751
107.25 1.121280
107.375 1.181811
107.5 0.389712
107.625 0.607978
107.75 0.403628
107.875 0.349055
108.0 1.165384
108.125 0.805698
108.25 0.518405
108.375 1.525907
108.5 0.370005
108.625 1.878769
108.75 0.708937
108.875 0.733559
109.0 1.451910
109.125 1.615758
109.25 0.606090
109.375 0.560066
109.5 1.579936
109.625 2.793169
109.75 0.402694
109.875 1.421260
110.0 0.935418
110.125 1.089161
110.25 1.374194
110.375 1.758441
110.5 1.314644
110.625 1.018493
110.75 1.594497
110.875 0.440818
111.0 1.072966
111.125 0.644232
111.25 0.622283
111.375 0.983458
111.5 2.009623
111.625 1.167820
111.75 0.561723
111.875 0.886531
112.0 1.302164
112.125 0.713330
112.25 1.799255
112.375 0.628955
112.5 1.487660
112.625 0.411500
112.75 0.530371
112.875 0.485929
113.0 0.673457
113.125 0.761082
113.25 0.387574
113.375 0.454936
113.5 0.555880
113.625 0.867157
113.75 1.009111
113.875 0.305383
114.0 0.221439
114.125 1.174290
114.25 0.529110
114.375 0.435121
114.5 0.781994
114.625 0.863958
114.75 1.928342
114.875 0.537581
115.0 0.520944
115.125 0.655828
115.25 0.381443
115.375 1.360967
115.5 1.126233
115.625 0.520992
115.75 0.934126
115.875 0.594064
116.0 0.213306
116.125 0.864061
116.25 0.804445
116.375 1.041977
116.5 1.319256
116.625 0.625549
116.75 0.237770
116.875 0.489771
117.0 0.855898
117.125 0.813583
117.25 0.492307
117.375 0.600311
117.5 1.762250
117.625 0.541374
117.75 0.757869
117.875 1.316182
118.0 1.787950
118.125 0.247629
118.25 1.487582
118.375 0.573289
118.5 0.765919
118.625 0.539690
118.75 0.378186
118.875 1.244903
119.0 0.522276
119.125 0.327655
119.25 0.417560
119.375 0.595689
119.5 1.139849
119.625 1.588063
119.75 1.200926
119.875 0.268147
120.0 1.144922
120.125 0.455798
120.25 0.988434
120.375 0.967043
120.5 0.188807
120.625 0.784816
120.75 0.551348
120.875 0.758232
121.0 0.136818
121.125 1.464890
121.25 1.058910
121.375 1.385912
121.5 1.121021
121.625 1.788415
121.75 0.700091
121.875 0.812148
122.0 1.105833
122.125 0.516377
122.25 0.379270
122.375 0.864810
122.5 1.013570
122.625 0.512708
122.75 0.533108
122.875 1.378759
123.0 0.360937
123.125 0.719426
123.25 0.585623
123.375 1.087945
123.5 1.145835
123.625 0.928475
123.75 1.026181
123.875 1.370069
124.0 0.373537
124.125 0.985394
124.25 1.690052
124.375 1.277066
124.5 0.911047
124.625 1.216218
124.75 1.501102
124.875 0.976986
125.0 1.135243
125.125 1.166550
125.25 1.541190
125.375 0.949263
125.5 0.548223
125.625 0.719517
125.75 0.842776
125.875 0.809892
126.0 1.283747
126.125 0.941349
126.25 0.831789
126.375 0.503893
126.5 0.737415
126.625 1.078238
126.75 0.327149
126.875 0.330167
127.0 0.582118
127.125 0.626872
127.25 0.294387
127.375 1.182098
127.5 0.276834
127.625 0.905715
127.75 0.822655
127.875 1.110737
128.0 1.207028
128.125 0.722158
128.25 0.912740
128.375 1.086760
128.5 1.249339
128.625 1.423050
128.75 0.481963
128.875 1.282401
129.0 0.450227
129.125 1.048175
129.25 0.995702
129.375 1.026950
129.5 1.271429
129.625 0.611860
129.75 0.645165
129.875 0.961713
130.0 1.120702
130.125 1.091151
130.25 0.676473
130.375 0.243146
130.5 0.509510
130.625 1.202973
130.75 0.350723
130.875 1.458188
131.0 0.846596
131.125 0.917478
131.25 0.354003
131.375 0.274138
131.5 0.244786
131.625 0.863871
131.75 0.152185
131.875 0.459165
132.0 0.940247
132.125 1.324669
132.25 0.492380
132.375 1.092427
132.5 0.566449
132.625 1.175564
132.75 0.875823
132.875 0.883535
133.0 0.210208
133.125 1.177944
133.25 0.999979
133.375 0.054575
133.5 0.895916
133.625 0.427746
133.75 0.269878
133.875 0.432927
134.0 0.401312
134.125 0.252925
134.25 0.564940
134.375 0.245211
134.5 1.264348
134.625 1.190729
134.75 0.963430
134.875 0.755051
135.0 0.564556
135.125 1.186246
135.25 0.321885
135.375 1.165592
135.5 0.478088
135.625 1.379987
135.75 0.683553
135.875 1.854640
136.0 0.991590
136.125 0.345765
136.25 0.879872
136.375 0.837895
136.5 0.296123
136.625 0.567303
136.75 1.334212
136.875 0.508794
137.0 1.002758
137.125 0.212801
137.25 0.830020
137.375 1.907812
137.5 0.392421
137.625 0.415820
137.75 0.214606
137.875 1.948545
138.0 0.441017
138.125 1.024441
138.25 0.678173
138.375 0.906520
138.5 0.254068
138.625 0.717842
138.75 0.999849
138.875 0.409345
139.0 1.441004
139.125 1.037947
139.25 1.019268
139.375 1.120099
139.5 0.109513
139.625 0.983249
139.75 0.581181
139.875 1.432937
140.0 1.745835
140.125 0.145531
140.25 0.277802
140.375 0.259825
140.5 0.740763
140.625 0.442838
140.75 1.057247
140.875 0.835399
141.0 0.817992
141.125 1.045351
141.25 0.291580
141.375 0.844685
141.5 0.302772
141.625 1.149819
141.75 0.075226
141.875 0.174899
142.0 0.919189
142.125 0.445665
142.25 0.905096
142.375 0.398458
142.5 0.498774
142.625 0.366152
142.75 0.633840
142.875 0.382503
143.0 0.635665
143.125 0.499345
143.25 0.501635
143.375 1.168927
143.5 0.273242
143.625 0.690156
143.75 0.281562
143.875 0.279459
144.0 0.900989
144.125 0.528422
144.25 0.785407
144.375 0.499206
144.5 0.292451
144.625 1.286204
144.75 0.797822
144.875 0.720945
145.0 1.279007
145.125 0.158473
145.25 0.318300
145.375 0.952135
145.5 0.675568
145.625 0.587979
145.75 0.773349
145.875 0.400185
146.0 0.543774
146.125 0.964941
146.25 0.997275
146.375 0.578024
146.5 1.151357
146.625 0.741537
146.75 0.325419
146.875 1.527895
147.0 1.121595
147.125 0.973162
147.25 0.646591
147.375 0.918751
147.5 1.122986
147.625 0.152210
147.75 0.509520
147.875 0.756276
148.0 0.809023
148.125 0.726592
148.25 0.575973
148.375 0.917769
148.5 0.908385
148.625 1.515256
148.75 0.492264
148.875 0.805974
149.0 0.257180
149.125 0.448375
149.25 1.376811
149.375 0.701414
149.5 0.604940
149.625 0.819549
149.75 0.915539
149.875 1.201648
150.0 0.495691
150.125 1.262715
150.25 0.487326
150.375 1.039015
150.5 0.685502
150.625 0.945217
150.75 1.039449
150.875 0.524045
151.0 1.021330
151.125 0.863081
151.25 0.360285
151.375 0.106815
151.5 0.142822
151.625 0.198848
151.75 0.666973
151.875 0.346059
152.0 0.340735
152.125 0.139713
152.25 0.771176
152.375 0.612933
152.5 0.781681
152.625 0.558604
152.75 0.718314
152.875 0.964767
153.0 1.235226
153.125 0.763044
153.25 1.259995
153.375 0.679938
153.5 1.020231
153.625 0.388912
153.75 0.281049
153.875 0.477598
154.0 0.202348
154.125 0.946217
154.25 0.875474
154.375 0.163876
154.5 0.799266
154.625 0.712112
154.75 0.407794
154.875 0.570825
155.0 1.361724
155.125 0.920646
155.25 0.809239
155.375 1.018931
155.5 1.615086
155.625 0.709269
155.75 0.791882
155.875 0.803438
156.0 0.688274
156.125 0.902641
156.25 1.532259
156.375 1.312979
156.5 0.333893
156.625 0.270873
156.75 0.772438
156.875 0.989021
157.0 0.468814
157.125 0.715744
157.25 0.898260
157.375 0.791897
157.5 0.759333
157.625 0.763860
157.75 0.170867
157.875 0.589304
158.0 1.056731
158.125 0.836784
158.25 0.262566
158.375 0.496051
158.5 0.601968
158.625 0.436237
158.75 0.797220
158.875 0.238103
159.0 0.382293
159.125 0.523770
159.25 1.015422
159.375 0.629588
159.5 0.896846
159.625 0.518989
159.75 0.471220
159.875 0.128605
160.0 0.655549
160.125 0.767083
160.25 0.390342
160.375 1.032580
160.5 0.435442
160.625 1.371885
160.75 0.614420
160.875 0.947104
161.0 1.170230
161.125 0.399869
161.25 0.447025
161.375 0.518812
161.5 0.716767
161.625 0.568428
161.75 0.673176
161.875 0.103375
162.0 0.794680
162.125 0.442801
162.25 0.469710
162.375 0.290066
162.5 1.281008
162.625 0.605332
162.75 0.751747
162.875 0.559018
163.0 0.305830
163.125 1.121435
163.25 0.714699
163.375 0.384785
163.5 0.919206
163.625 1.180124
163.75 0.314166
163.875 0.823052
164.0 0.402869
164.125 0.580510
164.25 0.215347
164.375 0.420731
164.5 0.713832
164.625 0.770701
164.75 0.375705
164.875 0.443968
165.0 0.318341
165.125 0.984802
165.25 0.680323
165.375 1.139795
165.5 0.175284
165.625 1.302188
165.75 0.646132
165.875 0.477504
166.0 0.905611
166.125 0.327622
166.25 1.020320
166.375 0.604878
166.5 0.360745
166.625 0.667587
166.75 0.240644
166.875 0.471324
167.0 0.015781
167.125 0.531957
167.25 0.418444
167.375 0.259257
167.5 0.846954
167.625 0.664843
167.75 0.434697
167.875 0.797649
168.0 0.478552
168.125 0.502540
168.25 0.796631
168.375 0.959166
168.5 0.707141
168.625 0.276991
168.75 1.056410
168.875 0.933664
169.0 0.080835
169.125 0.960514
169.25 0.576077
169.375 0.727220
169.5 1.150105
169.625 0.883630
169.75 0.855492
169.875 0.045586
170.0 0.407839
170.125 0.219979
170.25 0.296366
170.375 0.131993
170.5 0.295467
170.625 0.197734
170.75 0.707722
170.875 0.397785
171.0 0.566716
171.125 0.227690
171.25 0.291780
171.375 0.422464
171.5 0.248348
171.625 1.188020
171.75 0.639220
171.875 0.842324
172.0 0.288922
172.125 0.535449
172.25 0.665736
172.375 0.227622
172.5 0.640136
172.625 0.108626
172.75 0.293600
172.875 0.183178
173.0 0.517644
173.125 0.431275
173.25 0.304916
173.375 0.795530
173.5 0.273458
173.625 0.702554
173.75 0.559104
173.875 0.123726
174.0 0.573749
174.125 0.712823
174.25 0.673442
174.375 0.578753
174.5 0.553643
174.625 0.646967
174.75 0.270420
174.875 0.534075
175.0 0.369945
175.125 0.846642
175.25 0.408236
175.375 0.532756
175.5 0.733125
175.625 0.192839
175.75 0.201601
175.875 0.767927
176.0 0.351172
176.125 0.879169
176.25 0.492932
176.375 1.116371
176.5 0.336305
176.625 0.755507
176.75 0.703317
176.875 0.640970
177.0 0.614272
177.125 0.243688
177.25 0.417218
177.375 0.666744
177.5 0.214866
177.625 0.227457
177.75 0.520524
177.875 0.451189
178.0 0.792684
178.125 1.344058
178.25 0.685432
178.375 0.605080
178.5 0.642730
178.625 0.961326
178.75 0.366355
178.875 0.412537
179.0 0.343549
179.125 0.699854
179.25 0.324284
179.375 0.856882
179.5 0.193934
179.625 0.336001
179.75 0.253485
179.875 0.271878
180.0 0.793576
180.125 1.068676
180.25 0.289039
180.375 0.892754
180.5 0.141931
180.625 0.984520
180.75 1.148853
180.875 0.307894
181.0 0.346221
181.125 0.376762
181.25 0.616226
181.375 0.445210
181.5 0.870625
181.625 0.258394
181.75 0.408205
181.875 0.511655
182.0 0.766315
182.125 0.614236
182.25 0.355026
182.375 0.790188
182.5 1.082978
182.625 0.531716
182.75 0.541013
182.875 0.911746
183.0 0.826416
183.125 0.526534
183.25 0.393646
183.375 1.022793
183.5 0.403830
183.625 0.800131
183.75 0.405907
183.875 1.005472
184.0 0.616077
184.125 0.740088
184.25 0.916838
184.375 0.336375
184.5 0.266450
184.625 0.138430
184.75 0.151454
184.875 0.175328
185.0 0.398212
185.125 0.818653
185.25 0.533463
185.375 0.233550
185.5 0.814139
185.625 0.498870
185.75 0.744112
185.875 0.304652
186.0 0.277632
186.125 0.190980
186.25 0.809255
186.375 0.197615
186.5 0.674293
186.625 0.628568
186.75 0.628277
186.875 0.697367
187.0 0.915800
187.125 0.601874
187.25 0.856466
187.375 0.092481
187.5 0.519349
187.625 1.109697
187.75 0.317120
187.875 0.658518
188.0 0.443276
188.125 0.610569
188.25 0.355365
188.375 0.530080
188.5 0.664857
188.625 0.607953
188.75 0.617410
188.875 0.116570
189.0 0.584147
189.125 0.326516
189.25 0.730239
189.375 0.307569
189.5 1.278367
189.625 0.361433
189.75 0.980574
189.875 0.679254
190.0 0.368083
190.125 0.400943
190.25 0.168215
190.375 0.879155
190.5 0.544238
190.625 1.104181
190.75 0.505489
190.875 0.468902
191.0 0.231381
191.125 0.243253
191.25 0.604878
191.375 0.345079
191.5 0.663992
191.625 0.743062
191.75 0.567428
191.875 0.598596
192.0 0.535046
192.125 0.498352
192.25 0.128480
192.375 0.549049
192.5 0.066416
192.625 0.876855
192.75 0.275115
192.875 0.174375
193.0 0.795014
193.125 0.793830
193.25 0.224791
193.375 0.384022
193.5 0.168081
193.625 0.529577
193.75 0.600339
193.875 0.201229
194.0 0.400277
194.125 0.091145
194.25 0.557457
194.375 0.986708
194.5 0.207839
194.625 0.460412
194.75 0.496380
194.875 0.638378
195.0 0.840726
195.125 0.750319
195.25 0.302054
195.375 0.170807
195.5 0.819662
195.625 0.490389
195.75 0.858693
195.875 0.356064
196.0 0.567990
196.125 0.131751
196.25 0.813307
196.375 0.240342
196.5 0.189270
196.625 0.321542
196.75 0.695057
196.875 0.208822
197.0 0.613734
197.125 0.592955
197.25 0.762985
197.375 0.566313
197.5 0.162592
197.625 0.665959
197.75 0.750357
197.875 0.585348
198.0 0.420628
198.125 0.421670
198.25 0.555245
198.375 0.307647
198.5 0.578570
198.625 0.320959
198.75 0.342064
198.875 0.165847
199.0 0.412333
199.125 0.198297
199.25 0.457073
199.375 0.304533
199.5 0.397535
199.625 0.681897
199.75 0.175553
199.875 0.362302
200.0 0.516405
200.125 0.654506
200.25 0.537890
200.375 0.210381
200.5 0.405935
200.625 0.512289
200.75 0.559436
200.875 0.533949
201.0 0.551996
201.125 0.687285
201.25 0.375323
201.375 0.513105
201.5 0.967217
201.625 0.562658
201.75 0.329826
201.875 0.358290
202.0 0.222927
202.125 0.514799
202.25 0.271230
202.375 0.042397
202.5 0.347040
202.625 0.659019
202.75 0.294646
202.875 0.625945
203.0 0.923828
203.125 0.254121
203.25 0.927713
203.375 0.567812
203.5 0.187893
203.625 0.516936
203.75 0.244521
203.875 0.617305
204.0 0.175951
204.125 0.716055
204.25 0.524044
204.375 0.192067
204.5 0.039391
204.625 0.536865
204.75 0.403319
204.875 0.163169
205.0 0.380001
205.125 0.578630
205.25 0.701870
205.375 0.345441
205.5 0.677663
205.625 0.545382
205.75 0.394868
205.875 0.244219
206.0 0.457127
206.125 0.455844
206.25 0.376662
206.375 0.673316
206.5 1.003429
206.625 0.519134
206.75 0.111241
206.875 0.387261
207.0 0.388753
207.125 0.173704
207.25 0.222447
207.375 0.482100
207.5 0.112646
207.625 0.617200
207.75 0.554366
207.875 0.360533
208.0 0.807015
208.125 0.570875
208.25 0.710694
208.375 0.409733
208.5 0.465562
208.625 0.565894
208.75 0.220644
208.875 0.308030
209.0 0.586680
209.125 0.676168
209.25 0.085460
209.375 0.241433
209.5 0.273621
209.625 0.359265
209.75 0.705774
209.875 0.205804
210.0 0.471452
210.125 0.303702
210.25 0.334674
210.375 0.453853
210.5 0.414866
210.625 0.588224
210.75 0.625865
210.875 0.811179
211.0 0.392766
211.125 0.171475
211.25 0.374349
211.375 0.598917
211.5 0.769641
211.625 0.640450
211.75 0.496549
211.875 0.227395
212.0 0.436615
212.125 0.403242
212.25 0.280297
212.375 0.178961
212.5 0.485664
212.625 0.129229
212.75 0.331690
212.875 0.394148
213.0 0.555907
213.125 0.448936
213.25 0.545884
213.375 0.189399
213.5 0.652221
213.625 0.276094
213.75 0.384981
213.875 0.280742
214.0 0.643777
214.125 0.379959
214.25 0.806851
214.375 0.628189
214.5 0.617005
214.625 0.313961
214.75 0.363317
214.875 1.131204
215.0 0.571417
215.125 0.392600
215.25 0.688174
215.375 0.281640
215.5 0.282615
215.625 0.739854
215.75 0.182589
215.875 0.154059
216.0 0.523376
216.125 0.379196
216.25 0.357629
216.375 0.090209
216.5 0.252448
216.625 0.086247
216.75 0.564485
216.875 0.638377
217.0 0.426630
217.125 1.119582
217.25 0.499308
217.375 0.493371
217.5 0.471622
217.625 0.573196
217.75 0.238012
217.875 0.167697
218.0 0.785243
218.125 0.351163
218.25 0.558170
218.375 0.738163
218.5 0.592084
218.625 0.069778
218.75 0.901814
218.875 0.248349
219.0 0.192408
219.125 0.595906
219.25 0.170069
219.375 0.684055
219.5 0.645408
219.625 0.519481
219.75 0.357832
219.875 0.236816
220.0 0.417592
220.125 0.470148
220.25 0.402572
220.375 0.216437
220.5 0.493618
220.625 0.500017
220.75 0.525888
220.875 0.483104
221.0 0.984092
221.125 0.432887
221.25 0.256923
221.375 0.025997
221.5 0.504030
221.625 0.794319
221.75 0.192208
221.875 0.836199
222.0 0.672082
222.125 0.919850
222.25 0.692222
222.375 0.204110
222.5 0.430472
222.625 0.495593
222.75 0.150316
222.875 0.280469
223.0 0.993245
223.125 0.640209
223.25 0.434317
223.375 0.350782
223.5 0.549299
223.625 0.659969
223.75 0.269517
223.875 0.289782
224.0 0.232891
224.125 0.406597
224.25 1.097593
224.375 0.925562
224.5 0.416916
224.625 0.796458
224.75 0.688028
224.875 0.128781
225.0 0.172707
225.125 0.104468
225.25 0.113403
225.375 0.594977
225.5 0.499246
225.625 0.529147
225.75 0.274416
225.875 0.228688
226.0 0.378313
226.125 0.560708
226.25 0.144775
226.375 0.307917
226.5 0.206632
226.625 0.465350
226.75 0.276766
226.875 0.173724
227.0 0.235357
227.125 0.684945
227.25 0.217472
227.375 0.100996
227.5 0.703489
227.625 0.330058
227.75 0.822114
227.875 0.667701
228.0 0.481508
228.125 0.173280
228.25 0.455350
228.375 0.247239
228.5 0.406145
228.625 0.855556
228.75 0.385894
228.875 0.358320
229.0 0.626981
229.125 0.245225
229.25 0.371228
229.375 0.395171
229.5 0.361377
229.625 0.366663
229.75 0.217502
229.875 0.338760
230.0 0.288286
230.125 0.440917
230.25 0.590469
230.375 0.623480
230.5 0.351525
230.625 0.362668
230.75 0.288179
230.875 0.534933
231.0 0.502340
231.125 0.310347
231.25 0.362117
231.375 0.920766
231.5 0.119748
231.625 0.143181
231.75 0.182321
231.875 0.456621
232.0 0.250514
232.125 0.282246
232.25 0.299471
232.375 0.529355
232.5 0.301710
232.625 0.600863
232.75 0.648944
232.875 1.039410
233.0 0.255907
233.125 0.343275
233.25 0.518033
233.375 0.402956
233.5 0.195386
233.625 0.232331
233.75 0.254625
233.875 0.522993
234.0 0.053160
234.125 0.715958
234.25 0.363202
234.375 0.157787
234.5 0.901994
234.625 0.431206
234.75 0.206924
234.875 0.113885
235.0 0.261726
235.125 0.375165
235.25 0.505552
235.375 0.878633
235.5 0.425973
235.625 0.171196
235.75 0.350990
235.875 0.277902
236.0 0.499269
236.125 0.453953
236.25 0.269372
236.375 0.130030
236.5 0.617446
236.625 0.210849
236.75 0.485347
236.875 0.575488
237.0 0.441443
237.125 0.372800
237.25 0.541999
237.375 0.245640
237.5 0.196399
237.625 0.131344
237.75 0.427403
237.875 0.447964
238.0 0.290709
238.125 0.676519
238.25 0.337853
238.375 0.474835
238.5 0.544881
238.625 0.989888
238.75 0.564934
238.875 0.414024
239.0 0.089632
239.125 0.314831
239.25 0.691990
239.375 0.138312
239.5 0.377789
239.625 0.289949
239.75 0.324337
239.875 0.522636
240.0 0.193233
240.125 0.700603
240.25 0.564320
240.375 0.479976
240.5 0.442545
240.625 0.511912
240.75 0.440525
240.875 0.684257
241.0 0.274774
241.125 0.403360
241.25 0.418602
241.375 0.455688
241.5 0.530951
241.625 0.521770
241.75 0.721505
241.875 0.370029
242.0 0.735624
242.125 0.579293
242.25 0.765922
242.375 0.225519
242.5 0.454018
242.625 0.348938
242.75 0.649170
242.875 0.409604
243.0 0.491363
243.125 0.045301
243.25 0.591084
243.375 0.819660
243.5 0.790542
243.625 0.366392
243.75 0.246540
243.875 0.937704
244.0 0.590253
244.125 0.225535
244.25 0.438843
244.375 0.452898
244.5 0.367808
244.625 0.419648
244.75 0.059575
244.875 0.404155
245.0 0.259300
245.125 0.125129
245.25 0.377099
245.375 0.307277
245.5 0.402343
245.625 0.218309
245.75 0.307937
245.875 0.398156
246.0 0.531539
246.125 0.407470
246.25 0.239459
246.375 0.477432
246.5 0.479839
246.625 0.551041
246.75 0.623146
246.875 0.216788
247.0 0.434321
247.125 0.487587
247.25 0.653739
247.375 0.414998
247.5 0.494380
247.625 0.760714
247.75 0.299512
247.875 0.368370
248.0 0.105988
248.125 0.460938
248.25 0.461973
248.375 0.432255
248.5 0.452442
248.625 0.045874
248.75 0.146048
248.875 0.357570
249.0 0.199106
249.125 0.776305
249.25 0.022297
249.375 0.498780
249.5 0.204103
249.625 0.311249
249.75 0.352269
249.875 0.405409
250.0 0.379082
250.125 0.861718
250.25 0.323790
250.375 0.103729
250.5 0.357917
250.625 0.247064
250.75 0.399627
250.875 0.980268
251.0 0.450211
251.125 0.661664
251.25 0.254645
251.375 0.901369
251.5 0.306674
251.625 0.300264
251.75 0.239230
251.875 1.062195
252.0 0.031904
252.125 0.318699
252.25 0.367379
252.375 0.324356
252.5 0.272493
252.625 0.284634
252.75 0.999150
252.875 0.528857
253.0 0.381679
253.125 0.216161
253.25 0.204409
253.375 0.394126
253.5 0.445071
253.625 0.338461
253.75 0.381957
253.875 0.216620
254.0 0.353570
254.125 0.472757
254.25 0.259297
254.375 0.244885
254.5 0.362242
254.625 0.539248
254.75 0.534902
254.875 0.320714
255.0 0.097115
255.125 0.382936
255.25 0.543952
255.375 0.167528
255.5 0.192899
255.625 0.903090
255.75 0.205756
255.875 0.337422
256.0 0.397261
