44935
44899
44895
44931
44927
44911
44948
44948
44887
44931
44953
45013
45019
44978
44959
44990
44958
44927
44909
44897
44902
44943
44990
44989
44871
44841
44850
44883
44902
44881
44890
44956
44917
44887
44881
44895
44900
44847
44838
44866
44886
44861
44873
44811
44771
44785
44825
44787
44755
44773
44819
44850
44811
44823
44839
44830
44868
44899
44910
44917
45044
45115
45127
45140
45187
45151
45143
45106
45090
45066
45143
45183
45142
45039
44972
44964
44965
45017
45055
45102
45068
45054
45044
45004
44984
44983
45063
45131
45160
45127
45067
44949
44799
44700
44639
44599
44556
44618
44723
44793
44815
44799
44828
44885
44900
44844
44828
44909
44927
44853
44780
44783
44787
44786
44767
44727
44671
44649
44637
44629
44567
44581
44581
44679
44707
44701
44718
44793
44814
44797
44923
45063
45132
45183
45235
45247
45223
45252
45335
45406
45436
45390
45339
45295
45211
45177
45085
45032
45092
45206
45252
45263
45227
45222
45260
45187
45175
45203
45199
45115
45068
44972
44933
44933
44979
44991
44987
44984
44980
44967
44939
44936
44919
44916
44915
44927
44963
44995
45015
45023
45023
44900
44788
44817
44859
44835
44772
44786
44862
44933
44879
44899
44951
44986
44937
44895
44879
44835
44838
44829
44863
44823
44708
44731
44795
44810
44782
44790
44799
44843
44831
44867
45014
45090
45079
45084
45032
45015
44980
44911
44899
44917
44993
44955
44916
44823
44839
44879
44845
44770
44818
44890
44826
44748
44753
44774
44858
44934
44951
44979
45053
45133
45167
45262
45382
45447
45411
45375
45340
45197
45075
45037
45102
45132
45139
45253
45309
45295
45287
45295
45301
45353
45355
45385
45414
45403
45318
45271
45219
45153
45203
45245
45283
45193
45133
45076
45069
45020
44967
44953
45015
45012
45055
45072
45047
45049
45021
44991
44941
44945
44984
45007
44998
44965
44989
45009
44883
44850
44799
44858
44907
44882
44892
44998
45066
45087
45092
45070
45019
45029
45071
45043
45050
45090
45053
45063
45049
45032
44974
44990
44971
45015
45067
45136
45199
45135
45007
44975
45037
45094
45131
45150
45119
45037
44969
44977
45033
45103
45175
45175
45135
45092
45043
44979
44948
44854
44827
44839
44831
44844
44795
44777
44749
44750
44755
44790
44770
44787
44815
44867
44843
44823
44865
44867
44859
44863
44887
44839
44799
44878
44894
44891
44863
44907
44881
44899
44955
45030
45025
45009
44984
45015
44991
44975
44956
44990
45023
44991
44975
44975
45015
45071
45055
45047
45036
45060
45071
45069
45095
45095
45098
45117
45151
45140
45064
45046
45107
45132
45145
45119
45131
45091
45079
45105
45133
45131
45133
45093
45117
45144
45075
45029
45029
45102
45146
45130
45078
45070
45107
45108
45055
45029
45015
45066
45097
45101
45061
45062
45054
45031
45015
45028
45023
45063
45007
45005
45023
45002
44999
44985
44982
45019
44972
44923
44969
45015
45011
45006
45023
45023
45019
44989
44998
45043
45019
45010
45022
44963
44919
44973
44991
44996
44967
44975
44984
45031
45038
45027
45055
45085
45055
45041
44979
44999
45071
45116
45065
45035
45052
45055
45063
45006
45007
45053
45108
45066
45042
45071
45125
45161
45203
45243
45166
45141
45157
45149
45177
45183
45161
45106
45132
45143
45151
45139
45130
45118
45097
45128
45103
45077
45108
45127
45071
45093
45175
45204
45142
45075
45017
44963
44935
44947
44981
45047
45086
45070
45057
45093
45117
45183
45197
45205
45253
45292
45352
45375
45435
45420
45447
45533
45590
45567
45476
45377
45388
45388
45423
45445
45439
45459
45417
45381
45346
45348
45381
45343
45289
45197
45142
45078
45060
45019
45001
45073
45062
45023
45026
45001
44988
45026
45064
45067
45080
45087
45073
45087
45131
45138
45139
45147
45098
45049
45016
45037
45022
45007
45023
45055
45016
44996
44963
45013
45058
45075
45071
45070
45071
45051
45040
45039
45023
45017
45048
45036
45017
45059
45093
45139
45142
45119
45082
45075
45095
45130
45135
45119
45071
44984
44974
44976
44975
44951
44898
44841
44843
44893
44935
44887
44875
44854
44830
44687
44613
44617
44623
44677
44699
44710
44697
44671
44645
44613
44585
44631
44687
44613
44615
44645
44674
44695
44703
44651
44623
44639
44701
44725
44749
44784
44809
44820
44875
44927
44926
44870
44854
44895
44901
44873
44882
44910
44964
44918
44882
44923
44894
44885
44899
44879
44892
44943
44939
44906
44877
44923
44932
44907
44907
44919
44956
44916
44876
44902
44921
44926
44955
44919
44857
44838
44866
44876
44874
44879
44854
44799
44767
44728
44689
44723
44787
44835
44860
44866
44835
44804
44799
44852
44812
44735
44751
44814
44795
44767
44759
44758
44719
44755
44807
44825
44868
44854
44858
44855
44843
44799
44805
44809
44803
44809
44862
44863
44862
44861
44901
44904
44941
44994
45048
45024
44991
45013
44954
44954
44927
44999
45060
45087
45111
45111
45077
45117
45205
45205
45156
45169
45199
45183
45187
45179
45186
45167
45157
45101
45119
45093
45055
45073
45065
45067
45049
45092
45077
45069
45096
45111
45103
45037
44991
45039
45033
45034
45037
45055
45084
45062
45000
45010
45069
45094
45088
45061
45064
45109
45109
45083
45087
45071
45107
45173
45235
45275
45279
45267
45302
45324
45279
45226
45183
45179
45123
45115
45111
45176
45245
45262
45263
45261
45277
45290
45249
45222
45229
45245
45213
45162
45133
45151
45181
45235
45259
45273
45255
45196
45171
45104
45102
45083
45055
45071
45071
45103
45165
45190
45143
45119
45112
45084
45039
45066
45095
45118
45150
45161
45125
45170
45245
45197
45119
45116
45165
45200
45215
45261
45283
45270
45287
45317
45311
45331
45325
45293
45296
45391
45429
45421
45403
45404
45337
45261
45215
45201
45212
45191
45168
45215
45223
45237
45243
45287
45324
45297
45319
45363
45310
45279
45275
45235
45225
45238
45205
45167
45131
45111
45130
45069
45067
45091
45065
45045
45047
44991
44983
45001
45003
45015
45027
45027
44982
44991
45027
44950
44940
44975
44931
44850
44879
44824
44761
44761
44764
44699
44689
44697
44719
44729
44768
44750
44767
44751
44735
44725
44711
44735
44750
44751
44776
44747
44742
44722
44745
44705
44731
44765
44794
44765
44703
44738
44779
44823
44859
44852
44789
44792
44823
44798
44805
44810
44822
44807
44867
44891
44895
44857
44797
44783
44802
44799
44795
44843
44795
44791
44861
44871
44825
44870
44890
44911
44927
44983
44955
44937
44947
44998
45050
45061
45024
44991
44999
44970
44927
44895
44939
44914
44887
44903
44930
44959
44974
44937
44923
44917
44918
44922
44889
44888
44927
44934
44911
44950
44991
44981
44927
44879
44895
44926
44940
44947
44949
44991
45035
44954
44963
44966
44985
45007
45028
44971
44959
45017
44985
44916
44927
44971
44967
44988
44986
44967
44902
44909
44953
44983
44942
44896
44921
44959
44980
44916
44877
44935
44951
44937
44964
44975
44938
44916
44911
44861
44873
44877
44871
44915
44959
44939
44873
44878
44894
44901
44837
44827
44851
44917
44879
44799
44853
44845
44795
44779
44811
44825
44803
44837
44825
44883
44902
44839
44866
44906
44937
44904
44869
44867
44874
44877
44822
44823
44812
44765
44767
44787
44775
44746
44799
44835
44859
44838
44861
44951
44943
44943
44934
44961
44978
44964
44938
44939
44933
44976
44978
44996
45017
45007
44990
45023
45039
45043
45043
45070
45096
45094
45091
45124
45131
45107
45107
45074
45031
45015
45042
45101
45099
45100
45111
45122
45099
45127
45119
45119
45055
45014
45005
45027
45071
45079
45047
45030
45023
45019
44970
44927
44893
44894
44911
44917
44999
45020
45063
45105
45111
45077
45079
45067
45047
45055
45046
45023
45023
45018
45020
45055
45101
45105
45096
45142
45163
45099
45087
45095
45130
45094
45044
45073
45059
45030
45014
45017
44998
44947
44968
45031
45028
45005
45023
44978
44927
44959
44941
44887
44852
44878
44859
44877
44927
44954
44933
44927
44919
44931
44915
44911
44959
44994
44959
44987
44980
44967
44943
45016
45085
45097
45107
45144
45161
45149
45083
45029
45019
45049
45085
45053
45021
45031
45060
45081
45092
45086
45103
45027
45035
45023
45023
44978
44893
44893
44954
44970
44922
44927
44935
44893
44901
44943
44957
44935
44915
44924
44906
44866
44870
44943
44959
44907
44849
44837
44815
44871
44839
44827
44851
44853
44855
44886
44903
44901
44950
44968
44951
44907
44871
44890
44909
44907
44885
44849
44870
44848
44786
44760
44754
44718
44719
44742
44813
44923
44936
44903
44895
44892
44913
44895
44918
44971
44957
44979
45035
45051
45077
45175
45239
45244
45287
45347
45413
45471
45444
45369
45358
45332
45291
45283
45378
45446
45447
45391
45334
45303
45253
45179
45164
45134
45111
45095
45139
45171
45181
45201
45241
45239
45149
45140
45106
45107
45129
45119
45087
45062
45031
45051
45131
45196
45178
45181
45222
45200
45161
45183
45227
45210
45169
45151
45209
45209
45189
45143
45163
45170
45177
45156
45165
45171
45167
45140
45079
45065
45049
45055
45065
45079
45078
45083
45127
45083
45074
45143
45165
45109
45145
45142
45117
45080
45090
45109
45110
45107
45096
45060
45055
45087
45005
44923
44925
44995
44958
44974
45003
44982
44939
44895
44859
44805
44774
44771
44827
44879
44836
44831
44838
44844
44838
44827
44883
44919
44923
44927
44991
45020
45053
45127
45159
45181
45223
45212
45201
45195
45222
45218
45249
45214
45148
45144
45087
45033
45054
45111
45125
45127
45132
45167
45217
45189
45195
45226
45215
45191
45180
45188
45151
45183
45130
45128
45138
45183
45187
45188
45231
45240
45270
45221
45195
45209
45235
45204
45144
45119
45114
45111
45105
45075
45081
45103
45125
45119
45150
45114
45078
45049
45083
45151
45159
45159
45169
45167
45201
45182
45119
45071
45015
45019
45046
45042
45012
45015
45011
45002
45003
45034
45055
45063
45054
45086
45112
45119
45131
45174
45219
45191
45201
45191
45199
45164
45119
45115
45093
45083
45077
45095
45087
45063
45109
45132
45113
45119
45061
45003
44995
45019
45051
45037
44991
44933
44945
44927
44881
44889
44886
44863
44869
44841
44883
44895
44923
44841
44830
44854
44887
44870
44843
44876
44923
44910
44875
44881
44911
44924
44887
44863
44834
44786
44817
44847
44821
44776
44810
44854
44859
44861
44815
44773
44820
44861
44855
44795
44758
44788
44782
44799
44859
44845
44837
44837
44873
44899
44940
44926
44892
44877
44837
44869
44945
44958
44917
44946
44962
44921
44956
44884
44797
44783
44799
44851
44886
44947
44983
44974
44931
45000
45063
45125
45181
45175
45190
45136
45104
45133
45119
45043
45055
45042
44986
44978
44978
45020
45042
45076
45149
45211
45252
45287
45338
45416
45419
45385
45414
45487
45490
45431
45413
45317
45307
45311
45270
45207
45193
45158
45169
45197
45223
45256
45259
45272
45280
45257
45271
45285
45269
45224
45203
45205
45130
45101
45089
45087
45123
45101
45100
45052
45088
45108
45111
45119
45167
45126
45158
45239
45231
45211
45183
45149
45169
45173
45206
45223
45263
45299
45290
45327
45364
45399
45403
45386
45367
45365
45390
45375
45356
45292
45285
45329
45372
45359
45331
45270
45247
45268
45222
45211
45250
45295
45311
45285
45242
45266
45247
45228
45139
45111
45055
44983
44895
44803
44678
44664
44728
44761
44676
44719
44795
44831
44896
44871
44895
44985
44979
44863
44849
44851
44771
44695
44734
44725
44655
44595
44651
44694
44683
44700
44749
44786
44813
44799
44823
44815
44799
44810
44811
44804
44795
44854
44850
44829
44821
44890
44941
44943
44983
45023
45043
44998
44978
45007
44982
44931
44927
44933
44863
44861
44834
44783
44779
44857
44937
44941
44955
44987
44989
44991
44982
45010
45057
45053
45106
45086
45030
44982
45039
45068
45087
45083
45035
45027
45055
45094
45115
45077
45025
44999
44975
45019
45001
44935
44925
44927
44900
44818
44825
44880
44916
44909
44945
44987
45030
45085
45095
45055
45078
45047
45035
45040
45022
44991
44971
44920
44926
44925
44910
44863
44883
44901
44914
44921
44914
44881
44807
44830
44913
44901
44903
44903
44927
44877
44790
44783
44751
44774
44791
44807
44789
44763
44766
44823
44830
44787
44761
44798
44811
44818
44855
44875
44887
44906
44963
44964
44971
44971
44973
44935
44918
44916
44863
44837
44842
44887
44875
44867
44811
44797
44851
44815
44777
44767
44818
44825
44872
44899
44923
44931
44947
44929
44846
44849
44835
44808
44799
44821
44815
44791
44783
44812
44822
44863
44866
44863
44869
44899
44933
44927
44986
44973
44955
44943
44991
45023
44957
44927
44952
44954
44972
44983
45014
45027
44986
44939
44907
44914
44896
44894
44863
44889
44920
44923
44918
44955
44995
45007
45047
45011
44997
44938
44927
44927
44846
44831
44843
44838
44811
44789
44847
44837
44767
44779
44782
44760
44730
44763
44767
44725
44782
44836
44890
44923
44911
44886
44909
44941
44972
44957
44971
44973
44971
44988
44989
44970
44969
44967
45028
45079
45077
45078
45079
45091
45119
45139
45102
45055
45005
44989
44957
44885
44905
44871
44907
44949
44955
44925
44905
44893
44952
45013
44999
44959
45011
45029
44987
44990
45081
45070
45069
45162
45235
45247
45245
45227
45178
45183
45245
45268
45235
45257
45287
45319
45309
45271
45204
45167
45119
45178
45190
45166
45181
45230
45254
45249
45246
45255
45180
45160
45131
45139
45110
45073
45016
44975
44955
44961
44923
44957
44953
44924
44895
44913
44863
44905
44947
45006
45031
45033
45018
45035
45007
45006
45062
45111
45094
45070
45069
45061
45099
45108
45102
45119
45092
45075
45119
45111
45098
45083
45065
45086
45109
45075
45083
45102
45105
45084
45112
45160
45119
45101
45126
45171
45169
45183
45201
45167
45159
45135
45129
45127
45083
45063
45079
45078
45043
45103
45125
45135
45119
45133
45127
45093
45087
45059
44949
44947
44964
44981
44952
44994
45022
45022
45021
45013
44957
44977
45050
45101
45093
45156
45228
45283
45253
45212
45207
45206
45163
45143
45230
45245
45263
45287
45297
45247
45223
45181
45172
45175
45183
45167
45155
45175
45211
45198
45111
45161
45235
45214
45148
45119
45019
44951
44927
44946
44961
44935
44937
44995
44956
44939
44863
44831
44803
44782
44805
44823
44862
44830
44827
44855
44880
44901
44951
45016
45046
45012
44987
45002
45035
45029
45054
45106
45069
45054
45069
45111
45095
45044
45011
45028
45009
45007
45059
45111
45102
45087
45097
45039
45007
44973
44987
44998
44999
45001
44990
44984
44943
44918
44900
44862
44836
44812
44806
44758
44791
44743
44681
44681
44742
44819
44809
44799
44783
44718
44725
44731
44763
44718
44723
44822
44821
44828
44862
44879
44851
44871
44959
44963
44906
44927
44943
44957
44879
44854
44863
44782
44757
44795
44786
44735
44743
44804
44858
44859
44847
44783
44698
44703
44700
44634
44619
44654
44712
44746
44747
44724
44718
44763
44784
44775
44799
44861
44935
44947
44941
45018
45103
45106
45139
45179
45255
45256
45264
45262
45215
45169
45175
45191
45197
45253
45295
45367
45390
45340
45284
45266
45324
45343
45403
45434
45432
45455
45475
45471
45468
45363
45309
45273
45299
45267
45189
45186
45206
45183
45147
45071
45022
45003
44956
44935
44923
44925
44853
44854
44823
44789
44811
44815
44851
44909
44925
44910
44934
44971
44939
44959
44982
44954
44911
44873
44889
44917
44903
44910
44927
44975
44936
44890
44882
44925
44885
44824
44859
44851
44891
44938
44971
45007
45035
45055
45037
44987
44936
44919
44997
45035
45055
45050
45055
45037
44989
45027
45110
45141
45073
44983
44881
44855
44871
44796
44780
44775
44722
44727
44807
44857
44877
44889
44903
44879
44917
44911
44920
44911
44872
44899
44939
44978
45001
44991
44944
44959
44989
44953
44925
44911
44891
44923
44959
45005
44936
44915
45014
45049
45029
45051
45101
45114
45103
45128
45153
45162
45183
45185
45133
45135
45167
45215
45171
45134
45119
45127
45159
45162
45168
45187
45143
45119
45117
45091
45063
45050
45069
45102
45066
45049
45075
45022
44971
44938
44954
45005
45019
45035
45023
45051
45039
44995
44985
45001
45039
45023
44990
44988
44914
44902
44967
45018
45019
44978
44927
44939
44988
44985
44991
45031
45037
45055
45075
45071
45027
45023
45072
45061
45068
45055
45101
45103
45083
45103
45119
45097
45037
45068
45086
45089
45046
45053
45011
44984
44936
44965
45009
45019
45061
45023
44984
44967
44982
44965
44990
45021
44990
44965
44911
44959
45031
44997
44943
44964
45008
44979
44944
44922
44903
44878
44890
44951
44981
44970
44949
45019
45040
45007
44973
45045
45129
45112
45098
45083
45090
45063
45070
45098
45123
45073
45063
45091
45067
45008
45035
45027
44991
44996
44979
44972
44941
44983
44959
45013
45033
45055
45061
45084
45102
45085
45119
45119
45157
45165
45207
45265
45259
45246
45271
45268
45267
45254
45237
45244
45291
45244
45175
45159
45191
45247
45277
45213
45119
45095
45092
45093
45098
45127
45053
45016
45003
44966
44941
44947
44938
44909
44895
44885
44853
44843
44887
44983
45018
45013
45005
44999
44944
44927
44919
44861
44759
44767
44817
44841
44878
44975
44999
44917
44910
44919
44858
44806
44835
44828
44837
44830
44815
44861
44915
44859
44863
44846
44817
44861
44886
44874
44839
44893
44973
44946
44931
44951
44983
44975
44949
44967
45023
45046
45077
45067
45004
45011
45023
45017
45017
45039
45068
45131
45150
45198
45238
45230
45174
45143
45102
45069
45067
45076
45058
45008
45029
45061
45070
45071
45055
45026
44991
45020
44951
44876
44870
44969
45014
45049
45077
45085
45137
45245
45318
45311
45317
45302
45297
45243
45292
45299
45346
45348
45354
45315
45343
45358
45266
45173
45075
45106
45126
45125
45098
45107
45103
45007
44927
44916
44902
44857
44834
44831
44807
44797
44815
44808
44859
44855
44847
44845
44875
44938
44972
44997
45034
45053
45019
44991
44959
44931
45021
45082
45093
45086
45103
45107
45091
45040
45050
44985
44959
44966
44972
45012
45115
45154
45077
45046
45053
45051
44967
44927
44943
44861
44843
44763
44758
44791
44799
44789
44794
44769
44721
44777
44805
44764
44702
44679
44693
44695
44731
44822
44776
44779
44805
44846
44854
44840
44827
44867
44845
44860
44846
44861
44889
44959
45079
45115
45119
45159
45198
45226
45281
45351
45307
45239
45203
45174
45239
45279
45277
45246
45175
45103
45125
45169
45199
45221
45199
45190
45142
45084
45010
44911
44871
44859
44863
44893
44870
44831
44898
44965
44996
45015
45082
45071
45035
45042
45095
45097
45072
45110
45103
45031
45053
45115
45141
45130
45131
45147
45125
45125
45166
45167
45155
45107
45087
45087
45026
45000
45031
45085
45083
44975
44934
44945
44995
44989
44987
44977
44935
44927
44951
44985
44945
44934
45039
45099
45077
45087
45075
45023
45011
44995
45023
45051
45085
45063
45031
45099
45147
45183
45149
45077
45047
45087
45103
45086
45108
45137
45129
45133
45135
45109
45089
45087
45095
45050
45040
44991
45032
45009
45039
45051
45063
45037
45032
45044
45063
45045
45023
45035
45055
45038
44991
45046
45057
45055
45052
45074
45050
45018
45023
45055
45023
45024
45022
45085
45149
45110
45047
45065
45101
45155
45177
45165
45173
45154
45131
45175
45175
45158
45089
45095
45117
45164
45119
45097
45103
45137
45131
45142
45132
45095
45055
45071
45079
45046
45018
45051
45041
45023
45039
45049
45059
45003
45042
45071
45022
44963
44923
44937
44909
44931
44931
44982
44971
44954
44925
44923
44950
44957
44967
44973
45005
45016
45012
45011
45047
45041
44988
44997
45018
45011
44970
44971
44953
44949
44945
44917
44901
44900
44927
44972
44964
44955
44945
44931
44903
44894
44939
44839
44823
44863
44899
44838
44783
44779
44795
44770
44725
44719
44709
44697
44679
44691
44723
44723
44734
44711
44731
44749
44727
44755
44745
44773
44831
44879
44923
44916
44883
44924
44939
44958
45034
45077
45132
45156
45169
45166
45178
45159
45153
45183
45179
45182
45161
45092
45125
45191
45247
45273
45246
45213
45158
45139
45150
45135
45127
45127
45161
45203
45237
45260
45285
45309
45387
45415
45403
45347
45311
45291
45193
45175
45111
45155
45175
45138
45105
45061
44987
44981
44975
44947
44942
44999
45018
45055
45108
45113
45093
45124
45181
45201
45222
45221
45256
45339
45403
45396
45350
45335
45360
45386
45393
45323
45291
45275
45231
45196
45201
45214
45270
45247
45191
45198
45285
45311
45341
45302
45266
45243
45274
45278
45300
45367
45410
45387
45374
45330
45271
45213
45170
45126
45087
45094
45091
45090
45126
45183
45151
45114
45075
45023
45018
44999
44956
44944
44983
45002
44958
44982
44973
44941
44911
44940
44959
44949
44927
44907
44883
44919
44865
44819
44793
44735
44671
44566
44515
44479
44499
44490
44465
44510
44585
44553
44530
44542
44615
44549
44495
44510
44579
44535
44533
44587
44635
44591
44605
44639
44551
44580
44643
44671
44670
44618
44573
44562
44623
44654
44645
44691
44749
44739
44714
44717
44745
44773
44755
44777
44767
44782
44735
44727
44698
44735
44778
44783
44792
44788
44798
44811
44862
44927
44937
44951
44946
44963
45009
44999
44985
44983
44926
44881
44837
44799
44823
44799
44743
44735
44795
44798
44788
44766
44756
44753
44785
44841
44898
44938
44985
45049
45100
45075
45099
45213
45321
45341
45379
45327
45349
45325
45387
45395
45359
45310
45289
45206
45198
45139
45101
45053
45018
44963
44956
44978
45037
45101
45105
45139
45162
45188
45201
45211
45199
45107
45044
45054
45050
44953
44919
44862
44799
44777
44749
44719
44783
44839
44791
44781
44810
44839
44812
44815
44839
44813
44823
44814
44811
44797
44835
44831
44831
44799
44803
44791
44852
44863
44847
44841
44915
44977
45009
44994
44968
45018
45014
44981
44986
44989
45043
45047
45045
45055
45111
45126
45148
45182
45191
45155
45110
45164
45183
45132
45191
45279
45285
45224
45191
45194
45230
45218
45213
45198
45181
45183
45117
45122
45113
45130
45107
45087
45047
44998
44931
44927
44975
44934
44936
44927
44974
44970
44921
44893
44911
44895
44897
44927
44999
44952
44969
44947
44991
44970
44905
44910
44926
44971
44909
44898
44941
44989
44965
44968
45027
45070
45064
45055
45084
45041
44950
44939
44982
44972
44989
45086
45053
45039
45023
45022
45021
44971
44982
45007
45006
45006
45011
45055
45039
44989
45028
45055
45092
45038
45062
45070
45035
44995
44974
44991
45047
44999
44987
45022
45019
44995
44959
44953
44907
44927
44933
44965
45071
45183
45183
45061
45023
45027
44986
44982
44915
44951
44951
44993
45031
45086
45171
45172
45111
45055
45075
45069
45078
45117
45142
45134
45139
45195
45276
45311
45314
45300
45306
45343
45355
45276
45253
45247
45247
45149
45067
45038
45109
45131
45068
44999
44967
45020
45055
44937
44853
44891
44970
44954
44927
44946
44959
44943
44959
45001
45000
45037
45033
45081
45035
44947
44942
44906
44880
44874
44914
44935
44955
44952
44939
44971
44980
45036
45040
45019
45013
45087
45053
45015
45001
44971
44981
45011
44958
44923
44841
44761
44766
44852
44847
44818
44867
44922
44927
44939
44967
44990
45030
45046
45012
44943
44975
45012
45059
45093
45113
45147
45117
45011
44931
44978
45044
45088
45074
45023
44971
44924
44898
44893
44983
44983
44981
45007
45052
45027
44939
44947
44941
44923
44871
44846
44879
44849
44869
44919
44923
44894
44899
44882
44935
45005
45046
45007
45022
45006
44955
44997
44970
45035
45031
44963
44903
44907
44911
44911
44899
44885
44863
44831
44803
44795
44839
44851
44898
44925
44967
44938
44931
44927
44949
44939
44918
44882
44896
44914
44895
44895
44851
44791
44817
44875
44910
44917
44945
44962
44923
44931
44974
44991
44999
45028
45033
45051
45151
45227
45212
45209
45195
45231
45166
45113
45117
45087
45051
45033
45023
45075
45215
45236
45151
45182
45230
45279
45294
45311
45337
45275
45278
45275
45295
45287
45336
45411
45327
45255
45183
45161
45091
45099
45143
45158
45054
45007
44934
44895
44847
44895
44902
44888
44982
45079
45119
45098
45067
45077
45031
45014
44973
44879
44892
44895
44879
44851
44870
44910
44954
44935
44927
44941
44943
44964
44943
45029
45059
45085
45106
45123
45098
45115
45177
45148
45119
45159
45219
45259
45272
45264
45141
45052
45021
44991
44969
44951
44985
44996
45023
44999
45007
45043
45008
45081
45134
45106
45100
45094
45151
45171
45154
45111
45063
45055
45023
44965
44955
44947
44907
44906
44885
44917
44903
44828
44883
44927
44895
44903
44918
44923
44945
44942
44875
44835
44875
44922
44911
44877
44854
44866
44879
44856
44839
44895
44921
44922
44967
45000
45115
45183
45223
45278
45321
45368
45375
45295
45231
45212
45221
45206
45207
45179
45151
45103
45066
45039
44999
44975
44974
44949
44879
44819
44813
44782
44767
44775
44775
44780
44803
44868
44831
44809
44873
44886
44899
44959
45011
45066
45059
44998
45098
45156
45092
45069
45075
45077
45062
45020
44955
44955
44979
44976
45013
45016
44975
44945
44925
44941
44934
44909
44925
44951
44913
44887
44885
44895
44949
44977
44975
44981
44991
44959
44867
44851
44863
44919
44977
44937
44936
44975
45002
44975
44999
44988
44959
44908
44906
44911
44895
44909
44926
44943
44895
44935
44933
44943
44956
44977
44969
44997
45015
45085
45182
45169
45132
45097
45099
45105
45070
45010
44941
44921
44932
44946
44995
45051
45095
45059
45066
45082
45094
45046
45039
45031
45010
44968
44956
44943
44891
44867
44895
44931
44873
44909
44861
44875
44823
44789
44799
44845
44799
44827
44839
44843
44881
44911
44923
44876
44883
44898
44927
44991
44991
44943
44907
44925
44936
44907
44861
44805
44791
44805
44907
44999
44965
44927
44883
44886
44869
44877
44983
45055
45055
45068
45092
45106
45110
45095
45055
45019
45010
45018
45007
45007
44993
44961
45002
45018
44983
44932
44958
45045
45068
45055
45029
45049
45067
45003
45002
44991
45003
44991
45001
44978
45018
45010
45023
45002
45030
45039
45051
45107
45087
45060
45025
45085
45133
45167
45151
45128
45101
45077
45069
45093
45082
45094
