45094
45039
45007
44999
45039
45037
45051
45119
45119
45139
45116
45079
44959
44902
44923
44996
45027
45115
45178
45107
44987
44987
44875
44927
44981
45044
45127
45103
45119
45108
45111
45054
45035
45069
45093
45095
45113
45116
45076
44966
44966
44963
44931
44974
45037
45100
45111
45133
45092
45083
45117
45070
44967
44958
45034
45061
45004
44959
45027
44978
44972
45035
45052
45034
45009
45021
45005
44993
44997
45007
45007
44987
44986
44985
44965
44942
44938
44937
44903
44958
44975
44898
44943
44982
44991
44933
44941
44980
45017
45046
45067
45060
45051
45051
45028
45014
45099
45266
45283
45166
45189
45154
45158
45197
45247
45251
45221
45173
45070
45086
45038
44943
44957
45019
45037
45028
45066
45101
45143
45049
44949
44964
44972
44990
45039
45038
45004
44980
45007
44983
44948
44923
44874
44788
44762
44773
44831
44835
44901
44945
44887
44870
44831
44819
44809
44815
44857
44807
44786
44811
44855
44890
44875
44869
44903
44887
44867
44843
44820
44794
44794
44774
44767
44781
44735
44722
44727
44781
44885
44991
45087
45119
45013
44911
44895
44903
44907
44950
45055
45097
45062
45055
45035
44997
45011
45037
45111
45168
45183
45217
45220
45199
45152
45206
45279
45308
45171
45126
45091
45103
45135
45175
45173
45131
45145
45151
45194
45095
45103
45220
45211
45178
45107
45054
45071
45071
45140
45097
45102
45112
45113
45118
45132
45058
45091
45091
45133
45064
45015
45034
44963
44946
44931
44875
44880
44921
44915
44927
44891
44842
44917
44938
44959
44990
44990
44947
44982
45055
45055
45023
45023
45042
45047
45041
45023
45046
44991
44959
44927
44980
45094
45108
45082
45094
45075
45021
45047
45081
45126
45181
45195
45211
45205
45103
45095
45101
45093
45065
45014
45011
44998
44927
44955
45047
45019
44957
44973
44961
44975
44998
44973
44950
44934
44975
45007
44984
44991
44918
44905
44851
44863
44937
44989
44959
44981
45013
45004
45061
45108
45084
45119
45068
45011
45024
45032
45141
45215
45221
45072
45017
44973
44971
45013
45083
45160
45151
45107
45079
45105
45093
45094
45155
45273
45247
45183
45075
45015
45091
45179
45219
45143
45152
45159
45179
45140
45195
45112
45031
45051
45055
44968
44938
44974
44994
44985
44967
44952
44930
44913
44946
44898
44895
44871
44857
44903
44876
44886
44906
44986
44963
44886
44932
44959
45035
45069
45076
45067
45067
45087
45089
45109
45119
45083
45140
45111
45146
45259
45299
45283
45245
45233
45163
45167
45182
45228
45224
45191
45150
45111
44997
44966
44985
45065
45081
45084
45093
45050
45048
45052
45027
44945
44947
44965
44995
44978
45023
44989
44897
44909
44955
44995
44975
44959
44950
44996
44973
44941
45015
45039
44991
44995
44982
45015
44993
45023
45007
45068
45079
45050
45084
45104
45126
45145
45239
45331
45132
44947
44966
44966
44955
44985
45039
44991
44959
44967
44962
44907
44950
45031
44973
44956
44945
44910
44908
44861
44916
44943
44910
44903
44913
44911
44890
44861
44781
44792
44853
44963
44969
44952
44983
44967
44900
44853
44907
44943
44911
44912
44991
45035
44991
45021
45059
45065
45080
45142
45095
45047
45131
45142
45105
45096
45127
45132
45117
45145
45194
45133
45123
45161
45158
45077
45081
45107
45115
45151
45151
45111
45013
44990
45017
44963
44964
45017
45109
45172
45110
45055
45055
45051
45044
45100
45104
45043
44927
44877
44857
44862
44866
44860
44875
44947
45027
45007
45067
45042
44987
45000
44977
44965
44969
45020
45049
45006
44995
44979
44999
45022
45094
45151
45162
45068
45103
45137
45194
45167
45137
45091
45055
45084
45127
45139
45142
45162
45123
45067
45062
45108
45143
45135
45103
45115
45096
45037
44972
45007
45053
45107
45137
45103
44989
44971
44939
44950
44927
44906
44857
44900
44911
44909
44908
44947
44894
44847
44832
44831
44875
44879
44846
44799
44855
44873
44919
44919
44901
44903
44867
44912
44983
44999
45030
45139
45247
45220
45118
45144
45135
45098
45073
45159
45239
45238
45119
45039
45007
45061
45179
45285
45198
45114
45051
45020
44979
44957
44963
44948
44972
44973
45023
44987
44927
44918
44911
44863
44858
44845
44793
44767
44851
44844
44807
44835
44887
44931
44955
44984
44973
44957
44919
44907
44935
44995
45073
45137
45094
45002
44975
45049
45105
45084
45160
45271
45301
45234
45163
45166
45198
45230
45300
45319
45231
45167
45151
45071
45003
45067
45163
45174
45101
45049
45051
45031
45044
45051
45022
44989
44937
44907
44955
45048
45085
45052
44970
44983
45012
45003
44953
44939
44942
44925
44926
44923
44891
44855
44855
44883
44901
44943
44994
45021
45064
45073
45113
45118
45143
45051
44958
44991
44981
44958
44999
45026
44975
44885
44911
44900
44857
44907
44906
44937
44943
44927
44845
44775
44763
44827
44885
44843
44823
44886
44895
44867
44879
44943
44926
44927
44887
44819
44776
44771
44809
44889
44977
44991
44975
45023
45039
45003
45007
45029
45091
45156
45126
45107
45103
45045
45055
45055
44987
44996
45061
45055
44987
45046
45054
45041
45078
45062
45043
45067
45007
45000
44957
44901
44919
45047
45131
45142
45078
45047
45010
44988
44999
44968
44997
44999
45055
45119
45135
45107
45083
45043
45013
44954
44871
44862
44875
44863
44851
44875
44955
45005
45073
45095
45073
45061
45059
45093
45052
44981
44886
44873
44867
44943
45031
45023
44990
44946
44902
44893
44959
45014
44967
44934
44915
44987
45023
44990
44924
44921
44999
45032
45028
45034
45061
45045
44979
44867
44835
44861
44979
44970
44933
44950
44999
45015
45015
45015
45024
45011
45053
45018
44966
44958
44991
45061
45059
45066
45065
45001
44921
44903
44861
44841
44859
44915
44987
44997
44934
44937
44924
44919
44871
44904
44988
45090
45143
45123
44989
44956
44894
44906
44940
44999
45062
45163
45175
45179
45175
45186
45172
45142
45137
45159
45173
45223
45239
45187
45103
45178
45246
45253
45273
45301
45263
45231
45199
45107
45029
45039
45061
45059
45039
45078
45083
45012
44955
44932
44907
44935
44922
44941
44975
44991
44982
44980
44916
44875
44911
44937
44943
44989
45023
44987
44948
44911
44875
44855
44891
44966
44986
44989
44989
44959
44875
44877
44943
45043
45125
45153
45174
45204
45167
45119
45134
45150
45123
45141
45202
45214
45211
45178
45077
44975
44927
44941
44995
44982
45003
45101
45169
45182
45151
45095
45055
45065
45147
45207
45167
45159
45147
45134
45032
45003
45055
45099
45050
45039
44999
45011
45025
45070
45047
44985
44955
44879
44943
44999
45034
45061
45090
45103
45039
45030
45019
44933
44901
44936
44989
45045
45015
44962
44906
44882
44871
44879
44903
44913
44950
44963
45004
45022
45051
45079
45116
45167
45221
45231
45207
45258
45238
45207
45195
45175
45170
45233
45279
45279
45323
45273
45220
45191
45219
45210
45177
45133
45113
45082
45054
45053
45029
45007
45074
45183
45129
44989
45042
45001
44982
44981
44988
44934
44858
44912
44983
45025
44981
44962
44924
44915
44923
44932
44881
44927
44920
44939
44909
44909
44976
45001
44954
44931
44911
44911
44907
44957
44958
44906
44857
44829
44871
44854
44815
44871
44891
44898
44927
44959
44971
44922
44927
45065
45087
45015
45011
44994
44915
44946
44991
44958
44920
44911
44863
44886
44911
44907
44953
44999
44957
44926
44899
44895
44933
44947
44951
44937
44935
44943
44991
45080
45079
45129
45242
45295
45247
45203
45073
45037
45041
45045
45006
44971
44957
44951
44959
44958
44975
45017
45055
45161
45249
45133
45037
45052
44995
44879
44909
44951
44970
44906
44953
44995
44975
44989
45009
44979
44975
44987
45005
45035
45059
45079
45135
45169
45151
45087
45037
45039
45074
45151
45175
45110
45072
45049
45092
45070
45065
45010
45007
45013
45050
45059
45091
45162
45207
45207
45108
45102
45141
45090
45043
45079
45026
44981
44938
44971
45005
45003
45017
45054
44991
44931
44923
44923
44925
44908
44887
44956
45035
45060
45043
45087
45190
45158
45127
45100
45116
45055
44991
45018
45039
45029
45037
45014
45014
45014
45078
45095
45069
45095
45194
45262
45254
45127
45051
45033
45055
45134
45089
45119
45172
45133
45054
45011
45003
44943
44946
45003
45015
45022
45016
45012
45017
45055
45111
45096
45124
45149
45095
44950
44847
44812
44877
44895
44900
44926
44971
44947
45003
44934
44924
44943
44927
44918
44877
44911
44967
44974
44945
44899
44903
44886
44919
44935
44991
45103
45194
45129
45100
45151
45127
45059
45061
45064
45149
45183
45067
44982
44947
44975
45023
44999
45002
45045
45183
45334
45295
45224
45235
45247
45201
45173
45190
45163
45202
45183
45173
45103
45111
45095
45147
45189
45158
45171
45181
45178
45116
45049
45039
45057
45087
45119
45151
45123
45123
45200
45159
45055
45042
45047
45023
44957
44967
44957
44951
44991
44999
44980
45023
45045
45026
45011
45019
45060
45052
45019
45047
45031
45019
45101
45074
45055
45035
45091
45158
45211
45236
45139
45070
45070
45108
45135
45131
45179
45191
45191
45195
45266
45353
45311
45247
45223
45190
45194
45298
45324
45203
45203
45195
45205
45211
45165
45107
45111
45139
45147
45111
45027
44947
44925
44923
44927
44990
45027
44987
44997
45007
45013
44939
44911
44912
44915
44884
44863
44863
44879
44947
44964
44988
44979
45019
44974
44911
44971
44965
44936
44980
45072
44955
44874
44891
44934
44973
45066
45039
44959
45021
45069
45075
45071
45070
45079
45023
44986
44916
44939
45043
45083
45085
45131
45073
45063
45099
45132
45107
45059
45034
44985
44916
44938
44902
44893
44935
44981
45002
44952
44922
44861
44821
44783
44763
44776
44749
44731
44765
44837
44861
44923
44943
44923
44903
44949
45034
45004
45003
45046
45073
45005
44975
45011
45055
45066
45023
45001
44970
44983
45026
45087
45119
45159
45131
45083
45067
44986
44903
44927
45017
45019
45011
45014
45027
45047
45095
45125
45099
45060
45018
45005
45006
45025
44987
45023
45046
45039
44997
44999
44982
44983
44955
44927
44967
45059
45059
45016
45047
45028
44951
44973
45011
44988
44927
44938
44870
44882
44931
45003
44985
44987
45054
45014
44938
44918
44947
44967
44972
45027
45095
45114
45018
44983
44989
45067
45112
45145
45127
45113
45149
45215
45207
45223
45253
45286
45298
45364
45391
45358
45297
45227
45183
45275
45291
45149
45115
45107
45093
45087
45119
45098
45011
44955
44937
44879
44864
44927
44943
44889
44907
44991
45090
45125
45165
45174
45125
45044
45013
44985
44995
45017
45107
45203
45255
45249
45270
45205
45141
45119
45051
44957
44946
44927
44950
45039
45042
45129
45143
45173
45177
45085
45070
45061
44995
44873
44867
44883
44868
44895
44915
45003
45055
45027
45093
45065
44957
45009
44970
44875
44839
44935
44918
44899
44871
44838
44830
44875
44847
44862
44859
44822
44909
44853
44783
44782
44764
44739
44791
44879
44879
44946
45007
45059
45130
45119
45258
45211
45145
45200
45290
45309
45293
45367
45247
45169
45198
45192
45119
45084
45097
45063
45039
45115
45145
45118
45195
45199
45147
45154
45106
45083
45047
44954
44938
44924
44916
44923
44909
44923
44939
44935
44962
45022
45003
45011
44973
44881
44862
44879
44841
44874
45034
45055
45007
45077
45215
45183
45085
45045
45119
45259
45272
45211
45109
45074
45150
45208
45201
45243
45299
45254
45218
45179
45285
45309
45286
45192
45219
45227
45246
45149
45063
45015
45019
45055
45077
44978
44942
44989
45042
44967
44953
44979
44983
44943
44925
44957
44899
44859
44918
44972
44993
44969
44999
45099
45055
45012
44895
44783
44799
44981
44998
44858
44867
44975
44998
44987
45023
45043
45035
45050
45053
45078
45070
45023
45031
45043
45093
45081
45063
45063
45081
45105
45074
45048
45074
45069
45017
45095
45228
45233
45173
45195
45177
45087
45092
45103
45119
45118
45111
45107
45201
45079
45079
45067
45023
45063
45162
45113
44966
44991
45090
44947
44863
44902
44959
44955
44971
45038
45016
44991
44983
44983
44838
44806
44903
44967
45029
45059
45091
45069
45108
45087
45037
44991
44975
44916
44982
45053
45111
45070
45075
45077
44971
44998
45103
45118
45119
45061
45133
45170
45079
45023
45119
45055
45027
45029
45031
45095
45175
45223
45128
45072
45055
45103
45058
45015
44989
44983
44947
44970
45048
45036
45031
44978
44979
45055
44965
44908
44979
45052
45087
45028
45004
45005
44969
44951
44987
44998
44958
44941
44935
44978
45012
45081
45047
44959
44965
45023
45089
45095
45077
45119
45151
45055
45031
45108
45159
45227
45211
45147
44996
44893
44943
44982
45041
45053
45098
45069
45071
45010
44951
44867
44814
44871
44867
44853
44882
44926
44925
44883
44883
44875
44911
44984
45031
44998
44987
44932
44875
44869
44814
44808
44831
44895
44889
44931
44959
45044
45101
45094
45125
45183
45246
45276
45228
45131
45158
45213
45183
45071
45045
45094
45191
45238
45240
45234
45185
45151
45129
45068
45039
45049
45062
45038
45057
45055
45093
45019
45036
44991
45055
45075
45050
44958
44927
44863
44901
44948
44966
44921
44943
44943
44974
44972
45001
44965
44974
44943
44927
44905
44815
44814
44900
44987
45004
45047
45096
45151
45161
45055
45069
44975
44895
44895
44975
44975
45015
45119
45090
45018
45071
45112
45108
45087
45142
45183
45210
45251
45282
45324
45375
45383
45327
45341
45369
45332
45247
45227
45195
45150
45071
45095
45115
45071
45117
45177
45206
45175
45163
45181
45197
45195
45209
45141
45095
45043
45034
45049
44979
44950
45021
45009
45046
45067
45091
45070
45017
45012
44991
44999
44989
44982
44983
45044
44990
45011
45066
45082
45061
44982
44931
44903
44941
44950
45005
44994
44985
44982
44967
44867
44863
44927
45017
44963
44974
45042
45050
44990
44909
44846
44801
44815
44889
44907
44965
45033
45154
45219
45181
45149
45132
44991
44936
45011
45055
45035
45037
45035
45051
45075
45085
45064
45015
45115
45103
44975
45012
45006
44998
45031
45092
45082
45087
44981
44931
44927
44913
44870
44876
44894
44903
44848
44850
44927
44910
44805
44761
44787
44871
44859
44914
45011
45055
45067
45101
45127
45023
44983
44987
44979
45004
45015
44981
44969
45031
45079
45139
45221
45207
45130
45083
45051
44949
44955
44991
45023
44998
44965
45039
45037
45039
45063
45079
45113
45069
44987
44979
45070
45149
45179
45117
45095
45143
45183
45146
45071
44977
44951
44971
44942
44927
44950
44970
44974
44951
45021
44986
44967
44938
44875
44858
44895
44882
44838
44849
44974
45015
44949
44926
44920
44858
44817
44851
44911
44944
44967
44979
44973
44965
44932
44918
44893
44837
44823
44840
44887
44996
44991
45007
45019
45022
45006
45015
45000
45027
45035
45027
44987
44985
45004
45007
45001
45015
45026
45059
45090
45105
45151
45076
45029
45006
45031
45027
45042
45055
45059
44988
44949
44911
44900
44855
44861
44887
44827
44795
44887
44968
44937
44950
44991
44999
44922
44902
44890
44953
44995
44967
44938
45015
45071
45101
45153
45124
45138
45193
45183
45215
45238
45178
45143
45171
45143
45121
45167
45267
45262
45226
45218
45183
45181
45130
45083
45115
45161
45191
45148
45088
45039
45064
45058
45086
45103
44983
44935
44893
44891
44909
44946
44926
44927
44967
44920
44846
44875
44829
44798
44901
44951
44975
44974
45009
45031
45030
45019
44981
44946
44958
44967
44965
44968
44995
45061
45135
45187
45166
45071
45023
45079
45076
45045
45021
45047
45106
45150
45138
45134
45135
45081
45043
45023
45029
45055
45129
45139
45148
45190
45123
45074
45054
45101
45014
44973
45001
45025
44947
44938
44976
44959
44909
44859
44843
44870
44926
44957
44967
44913
44844
44831
44840
44798
44788
44783
44782
44793
44812
44846
44817
44831
44902
44931
44943
45045
45204
45143
45084
45087
45041
44946
44943
45067
45127
45044
44989
44971
44926
44947
44937
44983
45031
45090
45142
45231
45207
45175
45101
45006
45015
45098
45055
45023
45046
45019
44951
44921
44965
44980
44983
44975
44937
44893
44923
44921
44827
44812
44875
44938
44903
44909
44917
44864
44885
44939
44919
44927
44923
44899
44878
44932
45041
45023
44947
44971
45007
45043
45115
45079
45018
45023
44973
44980
45045
45122
45146
45122
45079
45087
45021
45023
45036
45039
45112
45191
45171
45151
45162
45168
45181
45191
45111
44996
44901
44879
44858
44852
44847
44879
44914
44907
44935
44941
44927
44901
44837
44743
44682
44721
44747
44781
44817
44855
44867
44883
44900
44934
44987
44938
44845
44847
44845
44834
44794
44869
44985
45021
45019
45007
44981
44961
44982
45030
45034
44999
44944
44943
44861
44831
44914
44979
45003
44999
45039
44996
44943
44959
45015
44984
44917
44980
44999
45011
45055
45078
45062
45047
45069
45101
45078
45013
45031
45047
45079
45114
45087
45055
44997
44955
44983
44991
44945
44908
44921
44954
45007
45063
45055
45021
44947
44876
44867
44895
44914
44862
44838
44882
44942
44957
45032
45045
45043
45023
45046
45015
44998
44958
44971
45006
45053
45074
45149
45077
45052
45142
45149
45103
45079
45095
45076
45069
45043
45097
45141
45165
45130
45172
45149
45155
45119
45117
45095
45072
45081
45146
45147
45038
44952
44958
44959
44913
44839
44863
44922
44934
44904
44927
44943
44956
44911
44838
44849
44949
44936
44879
44891
44895
44903
44890
44957
44992
44900
44883
44963
45023
44946
44893
44919
44895
44981
45111
45194
45275
45334
45309
45335
45369
45334
45225
45151
45103
45059
45117
45183
45207
45175
45119
45169
45159
45127
45098
45127
45163
45180
45192
45146
45126
45069
45071
45036
45011
44950
44956
44959
44879
44834
44855
44967
45071
45081
44981
44957
44973
44967
44957
44935
44919
44874
44895
44945
44924
44884
44894
44918
44885
44871
44929
45007
44964
44914
44914
44919
44943
44935
44923
44958
44937
44879
44858
44848
44863
44859
44860
44811
44793
44847
44863
44882
44875
44866
44854
44907
44979
44919
44839
44786
44743
44756
44819
44933
45071
45079
45068
45107
45065
44991
44959
44954
44937
44914
44947
45004
45010
45003
44977
44943
44891
44903
44919
44996
45043
45055
44946
44891
44876
44907
44927
44910
44890
44909
44896
44917
44927
44927
44850
44790
44855
44863
44859
44842
44795
44793
44854
44845
44847
44907
44938
44927
44917
44851
44843
44859
44926
44877
44811
44814
44875
44885
44894
44870
44839
44829
44875
44887
44874
44858
44877
44881
44937
44942
44927
44863
44839
44875
44883
44925
45035
45099
45083
45046
45033
45035
45064
45010
45015
45079
45106
45082
45119
45133
45111
45070
45051
45059
45046
45110
45035
44983
44987
45042
45029
45000
45027
45086
45102
44893
44876
44829
44834
44840
44894
44907
44899
44893
44883
44874
44891
44887
44927
44925
44911
44895
44850
44791
44797
44871
44951
44957
44957
45039
45041
45078
45129
45163
45123
45049
45033
44965
44951
44964
45011
45023
45003
45023
45013
45017
45140
45158
45163
45179
45181
45131
45060
45067
45119
45158
45067
45022
45069
45182
45149
45021
44983
44949
44923
44911
44919
44927
44973
44945
44882
44920
44991
45001
44977
45000
45018
45004
44910
44921
44967
44938
44868
44827
44895
44939
44905
44918
45006
45055
45065
45061
45071
45057
45055
45031
44987
44995
44965
45023
45045
45080
45062
45018
45072
45139
45101
44991
44959
44959
44907
44829
44917
45031
45055
45055
45108
45111
45044
45013
44966
44942
44940
44972
44991
44979
44968
44984
45047
45117
45159
45055
45039
45099
45091
45037
45084
45043
45012
45002
45043
45066
44989
45055
45101
45013
44958
45003
44973
44931
44919
44975
44937
44869
44924
44946
44931
44947
44985
44991
44938
44861
44819
44843
44889
44907
44911
44927
44921
44893
44869
44851
44879
44895
44990
44991
44944
44911
44914
44956
45063
45072
45075
45155
45111
45073
45055
45051
45007
45035
45096
45143
45207
45197
45126
45073
45073
45043
45001
45091
45164
45199
45142
45142
44995
45023
45051
45049
45146
45202
45148
45064
45105
45131
45102
45109
45095
45081
45067
44974
44934
44893
44862
44905
44893
44911
44896
44927
44946
44979
44911
44843
44927
44943
44915
44951
44927
44951
44930
44963
45019
45035
45095
45052
45009
45013
44999
45035
45065
45055
45085
45084
45089
45091
45158
45225
45246
45211
45159
45164
45183
45239
45141
45103
45151
45142
45074
45029
45037
45127
45187
45197
45165
45109
44995
44895
44949
44965
44893
44886
44973
44935
44899
44934
44997
44987
44997
44938
44948
44904
44822
44892
44951
44863
44798
44863
44907
44877
44935
44983
45042
45013
45031
45021
45022
44963
44915
44959
44973
44973
44959
45053
45044
44904
44917
45019
44988
44918
44874
44876
44921
44989
45031
44987
44957
44985
45011
44975
45015
45037
44955
44855
44825
44875
44934
45049
45089
45027
44999
44991
45023
44999
44954
44972
45078
45165
45135
45132
45159
45215
45359
45391
45329
45247
45284
45183
45075
44994
45022
45117
45214
45213
45241
45307
45260
45110
45135
45154
45103
45127
45235
45239
45151
45180
45074
44988
44959
45003
45012
45070
45135
45137
45119
45063
44975
45015
44959
44881
44814
44820
44895
45035
44997
44926
44872
44819
44751
44753
44881
44932
44925
44923
44887
44890
44939
45034
44983
45043
45083
45039
45021
45051
45035
44987
44959
44996
45039
45091
45147
45258
45172
45168
45112
45059
45062
45115
45181
45183
45044
44991
45032
45049
45082
45135
45187
45183
45206
45155
45095
45037
45107
45101
45055
45030
45043
45035
44961
44979
44982
44957
44863
44799
44826
44813
44744
44735
44837
44883
44885
44963
44970
44914
44912
44952
44927
44915
44903
44919
44967
45053
45131
45111
45073
44985
44915
44911
44920
44956
45067
45106
45171
45241
45155
45047
45023
45038
45070
45022
45065
45137
45119
45071
45085
45073
45010
45007
44959
44973
45004
45007
44923
44935
44986
45012
45012
45055
45055
45075
45095
45035
44979
44991
44973
44895
44846
44839
44893
44886
44908
44887
44874
44954
44971
45005
45198
45173
45124
45158
45179
45179
45164
45083
45055
45069
45073
45043
45061
45145
45141
45085
45055
44997
45041
45175
45263
45236
45208
45234
45215
45147
45079
45003
44982
45043
45047
45007
45027
45164
45243
45218
45161
45110
45027
45077
45050
45077
45144
45071
45022
45059
45102
45093
45003
45001
44915
44909
45083
45203
44998
44955
45063
45031
45005
44995
45019
45014
44927
44925
45006
44977
44935
44938
44949
44943
44962
44953
44982
45116
45145
45065
45107
45128
45162
45151
45149
45093
45045
45118
45172
45187
45166
45149
45069
45043
44991
44989
45141
45109
45077
45106
45069
45052
45080
45051
45007
44958
44903
44918
45048
45143
45172
45030
44986
45046
44961
44913
44915
44931
44911
44884
44843
44814
44799
44792
44799
44769
44743
44810
44854
44847
44778
44772
44799
44887
44988
44943
44876
44871
44844
44883
44951
44898
44871
44903
44985
44971
44906
44920
44908
44962
45013
45021
44987
45032
45085
45055
45075
45121
45161
45236
45327
45227
45097
45100
45110
45131
45125
45119
45090
45091
45092
45093
45078
44995
44983
45005
45021
45102
45191
45189
45101
45103
45087
45081
45070
45001
44947
44979
45007
44973
44971
44940
44965
44947
44958
44901
44863
44878
44845
44840
44845
44895
44889
44871
44825
44791
44805
44817
44841
44873
44953
45006
44941
44954
44975
44985
44958
44972
45007
45011
44986
45015
45007
45001
44991
44986
44927
44869
44846
44851
44919
44966
44929
44931
44983
45055
44971
44897
44867
44891
44999
45015
44989
44972
45059
45096
45108
45097
45051
45007
44944
44970
45021
45072
45061
45055
45090
45075
45013
44927
45025
45087
45074
45090
45140
45147
45103
45039
45021
45029
45010
44980
44969
44994
44943
44987
45072
44975
44907
44977
44999
45015
45020
45010
45023
44975
44945
44981
44955
44983
44966
44931
45000
45039
45022
44958
44927
44866
44876
44922
44965
44956
44911
44941
45033
45062
45087
45087
45055
44994
44995
45084
45101
45068
45055
45035
45047
45031
45043
45119
45118
45143
45101
45092
45092
45107
45155
45141
45127
45146
45159
45053
45022
45021
44988
44931
45033
45170
45215
45150
45073
45113
45205
45173
45075
45099
45147
45155
45109
45164
45178
45190
45083
45069
45118
45180
45119
45109
45124
45134
45171
45247
45231
45151
45165
45093
45022
44963
44942
44932
44887
44963
45001
45023
44969
44998
45020
44955
44986
44923
44955
44979
44943
44987
45003
45139
45108
45022
45086
45158
45107
45107
45111
45087
45018
45015
45004
45063
45191
45191
45167
45089
45050
45117
45015
44935
44950
44979
44972
45021
45195
45211
45061
45051
45066
44903
44837
44791
44813
44784
44856
44861
44799
44709
44725
44799
44874
44868
44872
44835
44822
44841
44915
44933
44894
44901
44831
44855
44909
44885
44863
44883
44938
44884
44907
44959
44954
44863
44859
44807
44829
44909
44955
44975
45012
45063
45085
45097
45015
44953
44942
45015
45063
45096
45145
45108
45061
45007
44975
44988
45023
44991
44975
44933
44916
44926
45015
45005
44963
44999
45087
45111
45066
44980
44935
44971
45007
45002
45000
45009
45023
45001
44869
44863
44878
44918
44927
44935
44951
45004
45015
45049
44975
44916
44927
44935
44927
44943
44986
44991
45034
45065
45043
45039
45111
45109
45087
45115
45077
45081
45061
45002
45039
45074
45129
45137
45115
45059
45036
45052
45050
45063
45019
45019
45111
45131
45076
45071
45063
45063
45055
45078
45063
45027
44997
45023
45055
45009
44987
45035
45123
45135
45151
45197
45151
45145
45135
45113
45099
45142
45143
45075
44989
44991
45014
45013
44999
45003
45030
45055
45032
44980
45039
45115
45146
45062
45067
45103
45095
45063
45010
45001
44975
44927
44951
44942
44884
44911
44964
44967
44999
45047
45099
45086
45085
45083
45088
45111
45157
45201
45191
45079
45079
45077
45060
45027
45087
45094
45049
45039
45066
45083
45094
45175
45215
45142
45139
45149
45211
45241
45195
45195
45215
45228
45228
45259
45192
45219
45273
45339
45292
45263
45243
45179
45119
45117
45131
45119
45146
45143
45071
45051
45087
45170
45170
45164
45179
45171
45055
45003
44899
44926
45019
45051
44965
44913
44945
44943
44901
44947
45023
44999
