44650
44603
44669
44659
44570
44530
44572
44607
44634
44685
44693
44685
44615
44568
44539
44654
44695
44733
44659
44605
44739
44571
44519
44551
44523
44685
44779
44730
44727
44809
44799
44671
44513
44552
44522
44415
44463
44449
44458
44596
44577
44507
44543
44477
44541
44526
44433
44431
44487
44533
44673
44503
44447
44454
44470
44414
44366
44402
44382
44407
44415
44328
44293
44365
44415
44427
44402
44443
44391
44406
44426
44463
44511
44554
44543
44647
44554
44565
44552
44472
44467
44479
44539
44572
44543
44523
44461
44423
44403
44501
44550
44516
44505
44627
44723
44779
44812
44799
44516
44587
44719
44674
44621
44637
44663
44645
44591
44555
44519
44517
44511
44452
44436
44467
44415
44459
44471
44538
44541
44563
44557
44581
44552
44534
44554
44522
44578
44572
44542
44487
44456
44507
44565
44627
44669
44679
44499
44517
44671
44765
44743
44861
44867
44835
44894
44664
44507
44641
44607
44609
44568
44687
44867
44909
44902
44714
44526
44443
44475
44557
44615
44625
44607
44543
44534
44569
44607
44565
44497
44500
44542
44549
44516
44515
44484
44470
44467
44472
44523
44515
44519
44475
44441
44398
44451
44463
44479
44546
44604
44705
44767
44756
44443
44387
44387
44498
44437
44469
44495
44597
44692
44647
44639
44711
44656
44615
44529
44538
44570
44659
44607
44634
44628
44682
44729
44627
44590
44566
44619
44623
44597
44553
44535
44547
44526
44564
44575
44551
44503
44557
44550
44576
44647
44691
44733
44663
44719
44723
44479
44402
44573
44671
44598
44553
44607
44628
44596
44582
44507
44575
44491
44471
44439
44446
44539
44399
44413
44485
44471
44517
44429
44407
44466
44581
44635
44629
44615
44687
44639
44535
44538
44623
44665
44775
44759
44719
44641
44616
44585
44595
44605
44605
44759
44807
44723
44763
44798
44668
44619
44671
44660
44703
44778
44771
44775
44726
44654
44579
44645
44671
44687
44687
44723
44683
44791
44895
44831
44789
44789
44767
44704
44583
44528
44455
44512
44582
44590
44548
44567
44567
44493
44482
44482
44489
44489
44379
44478
44475
44487
44557
44511
44449
44443
44487
44520
44563
44554
44554
44649
44571
44671
44699
44617
44671
44761
44716
44661
44536
44459
44487
44543
44574
44659
44814
44835
44739
44611
44555
44588
44543
44467
44445
44519
44496
44485
44446
44461
44449
44478
44427
44331
44331
44411
44337
44427
44543
44475
44356
44396
44383
44328
44367
44470
44429
44274
44331
44402
44458
44412
44439
44379
44433
44543
44543
44422
44515
44633
44630
44616
44659
44516
44468
44575
44575
44615
44653
44653
44607
44542
44495
44495
44223
44241
44434
44508
44473
44599
44606
44478
44543
44523
44532
44605
44454
44490
44506
44527
44476
44599
44550
44270
44209
44376
44351
44327
44518
44539
44549
44582
44519
44429
44430
44286
44365
44458
44422
44438
44514
44378
44358
44404
44517
44415
44341
44371
44479
44491
44492
44531
44490
44426
44503
44497
44590
44711
44711
44755
44685
44471
44527
44719
44719
44635
44683
44683
44683
44623
44623
44656
44799
44668
44613
44823
44799
44579
44465
44542
44643
44643
44589
44572
44527
44499
44671
44583
44540
44506
44233
44383
44658
44470
44341
44295
44410
44499
44361
44423
44539
44545
44355
44315
44361
44566
44653
44396
44411
44451
44430
44445
44457
44497
44455
44522
44595
44527
44513
44595
44617
44484
44591
44591
44467
44531
44617
44669
44668
44586
44595
44644
44694
44791
44703
44724
44719
44755
44797
44738
44647
44690
44766
44692
44667
44760
44717
44791
44797
44617
44501
44527
44650
44597
44559
44559
44651
44647
44631
44607
44517
44454
44516
44541
44505
44507
44541
44569
44586
44586
44479
44383
44397
44429
44452
44535
44653
44691
44668
44489
44475
44507
44427
44459
44467
44498
44513
44471
44459
44388
44421
44477
44509
44511
44565
44543
44518
44584
44661
44493
44458
44516
44494
44481
44523
44539
44491
44488
44523
44529
44527
44488
44488
44583
44588
44581
44587
44542
44473
44440
44455
44475
44559
44602
44616
44569
44613
44538
44570
44573
44547
44502
44627
44553
44439
44430
44399
44417
44495
44648
44639
44571
44531
44620
44525
44348
44407
44530
44514
44519
44564
44527
44527
44450
44469
44561
44510
44521
44559
44581
44486
44475
44441
44499
44554
44543
44590
44612
44655
44639
44713
44799
44829
44702
44589
44562
44623
44591
44591
44647
44693
44761
44767
44726
44719
44738
44690
44591
44542
44795
44661
44645
44708
44403
44371
44775
44671
44750
44543
43772
44510
44927
44679
44735
44716
44559
44699
44653
44495
44719
44476
44235
44235
44666
44579
44579
44630
44615
44617
44623
44534
44487
44270
44317
44436
44458
44477
44527
44391
44353
44361
44339
44317
44469
44559
44549
44442
44405
44403
44427
44499
44462
44323
44323
44323
44447
44505
44572
44607
44491
44424
44479
44477
44499
44636
44752
44680
44677
44649
44600
44488
44489
44607
44619
44591
44671
44667
44567
44533
44525
44543
44575
44623
44702
44780
44732
44714
44574
44571
44551
44666
44668
44527
44584
44671
44602
44525
44584
44599
44573
44539
44524
44559
44567
44597
44623
44593
44560
44579
44585
44531
44444
44461
44517
44566
44572
44542
44533
44634
44703
44659
44583
44543
44541
44587
44639
44643
44587
44587
44473
44484
44499
44494
44458
44515
44606
44766
44694
44586
44587
44614
44565
44527
44527
44529
44511
44523
44487
44477
44511
44485
44519
44535
44580
44580
44621
44655
44541
44447
44494
44497
44563
44683
44619
44603
44511
44349
44300
44379
44435
44363
44435
44507
44585
44677
44743
44746
44690
44655
44543
44531
44610
44650
44562
44523
44645
44694
44671
44605
44526
44557
44587
44573
44595
44629
44593
44541
44581
44619
44665
44623
44623
44733
44679
44653
44589
44510
44477
44475
44535
44591
44616
44616
44663
44700
44669
44583
44549
44587
44572
44591
44639
44655
44579
44625
44646
44677
44782
44767
44515
44488
44577
44542
44579
44667
44782
44782
44827
44811
44689
44607
44558
44510
44535
44487
44501
44530
44533
44559
44589
44633
44603
44543
44531
44558
44551
44551
44525
44459
44379
44351
44372
44522
44590
44557
44459
44442
44414
44335
44261
44257
44281
44438
44621
44557
44439
44507
44543
44471
44430
44406
44365
44365
44434
44481
44473
44522
44490
44490
44513
44550
44634
44607
44543
44477
44389
44479
44565
44486
44580
44730
44824
44811
44821
44774
44625
44573
44599
44549
44511
44553
44527
44564
44596
44675
44740
44751
44717
44821
44821
44615
44569
44591
44499
44519
44582
44526
44457
44493
44543
44563
44532
44541
44547
44503
44577
44561
44520
44491
44543
44606
44503
44407
44364
44379
44511
44562
44577
44583
44637
44533
44263
44292
44397
44477
44485
44490
44523
44479
44509
44505
44543
44523
44455
44511
44607
44490
44522
44522
44639
44543
44555
44625
44599
44621
44668
44707
44577
44633
44703
44614
44626
44679
44587
44621
44620
44513
44413
44549
44666
44742
44567
44551
44463
44478
44447
44542
44653
44667
44634
44523
44475
44517
44475
44501
44454
44523
44571
44591
44489
44553
44550
44366
44335
44374
44378
44359
44330
44370
44367
44355
44364
44393
44365
44409
44447
44429
44393
44427
44437
44446
44422
44453
44515
44500
44374
44520
44623
44583
44594
44649
44651
44671
44599
44490
44479
44503
44607
44621
44519
44582
44633
44486
44419
44563
44747
44795
44766
44851
44743
44519
44459
44591
44587
44559
44605
44585
44603
44718
44710
44671
44597
44487
44551
44653
44722
44777
44813
44762
44668
44628
44565
44502
44484
44561
44623
44582
44633
44647
44550
44619
44632
44522
44424
44501
44517
44479
44475
44503
44524
44571
44651
44503
44420
44452
44543
44543
44463
44439
44439
44407
44471
44467
44484
44550
44577
44532
44547
44531
44503
44479
44527
44463
44477
44486
44468
44475
44488
44572
44651
44589
44605
44624
44502
44575
44614
44590
44678
44787
44831
44747
44751
44787
44735
44697
44660
44767
44852
44667
44613
44639
44698
44654
44634
44637
44682
44692
44703
44751
44791
44795
44714
44623
44597
44586
44535
44499
44444
44497
44522
44517
44543
44584
44567
44591
44503
44457
44446
44473
44419
44468
44561
44572
44572
44500
44491
44435
44474
44529
44465
44415
44451
44533
44533
44369
44446
44527
44462
44517
44555
44568
44606
44630
44603
44543
44578
44619
44689
44751
44715
44721
44663
44716
44747
44651
44627
44695
44631
44494
44582
44729
44739
44794
44870
44751
44788
44829
44735
44678
44695
44739
44715
44715
44607
44534
44516
44605
44707
44715
44645
44586
44649
44614
44594
44543
44486
44466
44495
44453
44389
44379
44411
44446
44479
44520
44519
44523
44454
44454
44454
44465
44489
44433
44423
44407
44377
44399
44462
44445
44457
44374
44399
44447
44506
44477
44525
44542
44573
44567
44571
44557
44543
44631
44837
44944
44845
44728
44687
44595
44598
44604
44639
44680
44713
44767
44759
44687
44652
44602
44694
44716
44711
44709
44660
44694
44629
44568
44543
44495
44474
44543
44535
44575
44607
44595
44607
44603
44541
44506
44457
44476
44513
44472
44511
44456
44448
44509
44479
44463
44599
44570
44451
44575
44639
44495
44397
44337
44281
44350
44405
44406
44447
44527
44536
44523
44558
44671
44667
44610
44581
44543
44493
44491
44499
44476
44479
44505
44501
44507
44547
44495
44535
44516
44487
44511
44593
44607
44618
44511
44507
44471
44485
44485
44596
44625
44620
44526
44531
44573
44516
44487
44531
44603
44633
44625
44617
44615
44652
44772
44693
44615
44621
44629
44585
44620
44618
44527
44502
44523
44468
44501
44543
44555
44575
44678
44571
44523
44474
44534
44412
44383
44394
44346
44340
44314
44383
44407
44405
44436
44473
44559
44543
44415
44331
44415
44488
44339
44311
44326
44360
44412
44492
44453
44455
44501
44543
44490
44469
44514
44507
44575
44618
44621
44599
44559
44553
44518
44464
44471
44466
44481
44565
44678
44731
44769
44651
44659
44586
44533
44522
44511
44599
44562
44525
44468
44454
44479
44484
44491
44683
44751
44775
44716
44613
44456
44402
44353
44331
44391
44454
44484
44421
44439
44528
44550
44606
44611
44611
44681
44651
44582
44509
44533
44508
44447
44516
44571
44585
44455
44470
44515
44425
44429
44429
44435
44475
44583
44583
44623
44579
44564
44614
44603
44491
44357
44431
44455
44459
44579
44687
44749
44693
44639
44483
44320
44383
44390
44303
44390
44483
44522
44517
44490
44495
44439
44363
44344
44316
44330
44455
44479
44422
44319
44359
44362
44388
44393
44494
44515
44464
44480
44397
44414
44461
44461
44484
44507
44639
44571
44428
44415
44413
44267
44327
44370
44355
44383
44499
44537
44500
44479
44495
44453
44512
44531
44494
44539
44585
44594
44631
44515
44533
44527
44450
44437
44523
44489
44510
44637
44522
44494
44543
44540
44655
44591
44550
44677
44631
44543
44543
44625
44556
44577
44759
44732
44428
44380
44431
44456
44543
44550
44554
44633
44583
44534
44567
44519
44521
44543
44522
44471
44479
44457
44431
44429
44430
44435
44427
44446
44435
44398
44429
44381
44452
44415
44397
44432
44486
44494
44518
44470
44411
44387
44375
44396
44417
44470
44658
44863
44851
44828
44851
44762
44856
44891
44815
44740
44713
44621
44499
44617
44678
44639
44619
44619
44641
44656
44670
44643
44702
44823
44887
44916
44873
44808
44714
44651
44555
44525
44514
44522
44557
44655
44719
44735
44747
44682
44651
44601
44629
44663
44607
44551
44615
44714
44575
44503
44541
44578
44589
44661
44671
44688
44572
44516
44450
44453
44493
44595
44581
44587
44694
44696
44583
44611
44654
44643
44614
44701
44719
44565
44520
44491
44495
44521
44599
44655
44639
44618
44567
44599
44550
44561
44659
44781
44761
44653
44642
44719
44771
44639
44615
44587
44591
44669
44639
44617
44655
44679
44627
44595
44535
44509
44511
44439
44403
44397
44428
44431
44424
44455
44515
44550
44543
44527
44471
44446
44366
44415
44509
44471
44500
44519
44495
44479
44423
44399
44491
44494
44505
44458
44437
44486
44454
44527
44535
44308
44298
44347
44382
44383
44447
44521
44551
44607
44649
44569
44543
44493
44503
44535
44580
44595
44605
44606
44595
44615
44591
44653
44671
44692
44671
44693
44711
44817
44884
44861
44875
44835
44741
44663
44639
44615
44668
44739
44669
44697
44647
44633
44695
44734
44659
44677
44777
44761
44675
44660
44606
44362
44337
44429
44383
44344
44363
44467
44517
44487
44423
44380
44396
44319
44333
44325
44389
44454
44505
44533
44434
44473
44447
44315
44297
44317
44451
44539
44539
44439
44511
44565
44507
44579
44549
44536
44485
44443
44571
44533
44410
44463
44551
44580
44554
44629
44677
44587
44538
44525
44580
44572
44499
44429
44495
44577
44658
44732
44639
44497
44447
44407
44381
44507
44571
44551
44633
44729
44664
44627
44629
44621
44595
44632
44639
44557
44535
44559
44542
44541
44513
44520
44601
44666
44648
44499
44554
44603
44508
44542
44647
44566
44595
44645
44558
44403
44474
44496
44440
44322
44262
44311
44366
44334
44312
44367
44305
44247
44343
44331
44292
44351
44359
44351
44473
44405
44381
44445
44489
44459
44467
44451
44422
44435
44397
44367
44429
44523
44591
44685
44679
44479
44391
44405
44439
44374
44401
44362
44383
44451
44454
44533
44535
44482
44405
44412
44432
44413
44433
44391
44442
44442
44475
44443
44413
44415
44454
44390
44402
44399
44399
44443
44494
44486
44540
44587
44588
44587
44650
44687
44591
44603
44682
44595
44726
44847
44709
44659
44683
44576
44563
44617
44641
44685
44691
44706
44666
44650
44655
44655
44611
44634
44687
44631
44645
44629
44659
44619
44638
44674
44621
44659
44639
44639
44581
44543
44586
44515
44537
44551
44536
44523
44440
44484
44491
44537
44543
44506
44445
44495
44587
44479
44414
44373
44351
44407
44419
44412
44446
44411
44415
44458
44495
44591
44611
44543
44585
44535
44589
44623
44686
44751
44792
44799
44764
44675
44639
44625
44534
44568
44637
44671
44712
44789
44826
44736
44686
44733
44777
44756
44757
44749
44780
44797
44807
44935
44923
44807
44749
44813
44775
44781
44857
44829
44754
44735
44783
44779
44805
44820
44847
44783
44723
44633
44599
44606
44606
44551
44604
44671
44559
44491
44533
44543
44538
44573
44638
44671
44657
44583
44581
44579
44601
44607
44479
44391
44403
44483
44447
44477
44500
44465
44465
44331
44397
44397
44398
44406
44429
44469
44565
44580
44563
44593
44484
44407
44430
44511
44539
44506
44565
44563
44531
44667
44684
44660
44703
44751
44735
44655
44551
44551
44618
44711
44767
44789
44709
44762
44843
44767
44775
44726
44758
44645
44606
44731
44773
44573
44516
44516
44537
44491
44495
44524
44534
44543
44499
44465
44465
44569
44557
44511
44522
44479
44476
44452
44487
44474
44431
44430
44407
44415
44459
44494
44489
44436
44421
44366
44366
44353
44341
44348
44340
44441
44482
44415
44526
44549
44569
44559
44639
44795
44622
44493
44587
44615
44565
44514
44443
44530
44513
44527
44630
44698
44727
44721
44721
44721
44597
44543
44449
44476
44600
44633
44716
44745
44725
44697
44666
44671
44662
44647
44727
44751
44625
44635
44667
44634
44646
44694
44773
44741
44699
44631
44541
44522
44575
44583
44451
44547
44593
44571
44535
44539
44507
44477
44465
44465
44379
44373
44385
44398
44443
44460
44441
44463
44459
44463
44434
44432
44447
44412
44406
44489
44505
44493
44487
44492
44531
44538
44487
44445
44458
44458
44523
44563
44577
44570
44619
44540
44555
44596
44680
44568
44573
44621
44617
44607
44527
44502
44506
44463
44424
44487
44591
44629
44655
44662
44671
44604
44660
44662
44629
44627
44620
44571
44533
44549
44555
44551
44516
44650
44669
44643
44645
44678
44639
44539
44553
44553
44477
44490
44523
44511
44534
44478
44570
44653
44513
44386
44355
44437
44365
44351
44383
44398
44349
44335
44324
44434
44471
44370
44347
44398
44433
44508
44479
44354
44383
44453
44339
44432
44487
44459
44446
44479
44467
44443
44457
44455
44455
44538
44459
44484
44571
44603
44518
44631
44719
44657
44651
44712
44723
44682
44595
44551
44612
44739
44739
44710
44666
44679
44581
44543
44602
44591
44531
44589
44521
44456
44559
44565
44518
44450
44430
44418
44431
44415
44479
44510
44456
44463
44422
44333
44422
44467
44455
44490
44518
44431
44403
44494
44547
44622
44667
44677
44725
44835
44742
44679
44653
44783
44789
44700
44671
44689
44696
44657
44647
44671
44647
44591
44575
44503
44515
44607
44670
44609
44643
44718
44686
44622
44651
44625
44664
44653
44675
44718
44671
44578
44555
44587
44541
44603
44603
44564
44558
44564
44492
44447
44490
44430
44508
44671
44589
44467
44542
44564
44473
44453
44453
44470
44531
44601
44689
44650
44694
44743
44711
44715
44678
44678
44650
44634
44601
44515
44569
44671
44687
44693
44684
44629
44612
44565
44585
44615
44731
44667
44549
44573
44615
44475
44503
44563
44565
44524
44528
44527
44550
44621
44621
44491
44551
44578
44539
44591
44591
44573
44484
44395
44444
44442
44458
44488
44463
44374
44303
44302
44394
44457
44543
44581
44527
44590
44610
44603
44555
44466
44477
44431
44405
44447
44509
44515
44487
44518
44452
44425
44487
44501
44500
44511
44569
44703
44790
44669
44600
44665
44685
44583
44583
44583
44487
44446
44470
44479
44521
44491
44501
44567
44603
44543
44509
44479
44542
44477
44455
44505
44505
44444
44447
44471
44516
44629
44701
44649
44649
44607
44534
44486
44551
44607
44631
44550
44567
44646
44659
44685
44691
44722
44570
44507
44547
44664
44729
44603
44684
44711
44667
44550
44468
44595
44557
44485
44476
44456
44415
44478
44413
44463
44505
44543
44600
44600
44551
44541
44533
44452
44435
44491
44395
44402
44435
44399
44403
44463
44471
44455
44323
44361
44430
44471
44457
44457
44553
44661
44601
44451
44483
44549
44567
44567
44589
44623
44602
44554
44511
44556
44407
44411
44435
44523
44597
44639
44602
44538
44533
44523
44549
44671
44725
44695
44685
44564
44506
44539
44507
44494
44518
44543
44551
44558
44635
44623
44554
44543
44583
44583
44576
44583
44638
44706
44568
44535
44543
44537
44463
44415
44429
44447
44491
44407
44432
44470
44539
44565
44559
44543
44484
44386
44422
44441
44458
44443
44500
44533
44592
44592
44555
44543
44506
44446
44481
44558
44639
44663
44613
44611
44623
44589
44523
44462
44471
44500
44516
44596
44770
44671
44630
44671
44701
44619
44665
44719
44741
44737
44703
44617
44519
44466
44461
44517
44501
44563
44649
44691
44715
44699
44732
44712
44714
44763
44830
44796
44799
44878
44753
44753
44611
44614
44614
44563
44523
44539
44527
44527
44479
44564
44555
44594
44588
44588
44647
44447
44455
44483
44520
44542
44551
44533
44579
44550
44568
44526
44459
44455
44409
44392
44343
44395
44391
44461
44551
44605
44655
44669
44727
44694
44715
44710
44703
44733
44666
44615
44628
44734
44729
44727
44828
44867
44847
44849
44849
44821
44793
44739
44823
44811
44639
44759
44691
44703
44779
44667
44705
44711
44701
44617
44616
44619
44570
44592
44592
44615
44647
44636
44607
44487
44471
44570
44582
44551
44607
44661
44455
44428
44500
44426
44303
44301
44317
44281
44202
44261
44261
44248
44322
44311
44338
44317
44474
44543
44531
44467
44543
44644
44601
44628
44648
44634
44581
44426
44415
44411
44423
44492
44585
44637
44607
44543
44550
44511
44502
44423
44383
44413
44415
44479
44524
44530
44531
44463
44460
44529
44550
44475
44380
44373
44472
44423
44413
44607
44563
44607
44570
44468
44639
44773
44509
44515
44633
44735
44518
44539
44629
44535
44569
44699
44725
44689
44790
44807
44753
44813
44899
44951
44959
44964
44971
45091
45111
45084
45035
45055
45077
44879
44825
44862
44888
44761
44693
44625
44526
44639
44797
44760
44721
44631
44531
44421
44439
44471
44538
44594
44438
44445
44462
44453
44519
44497
44427
44405
44444
44411
44379
44395
44414
44485
44500
44511
44439
44486
44454
44393
44396
44478
44514
44443
44467
44435
44461
44539
44627
44605
44648
44680
44679
44663
44612
44526
44603
44671
44682
44710
44755
44709
44727
44790
44832
44751
44799
44808
44759
44710
44513
44499
44594
44575
44486
44479
44599
44567
44495
44475
44503
44484
44509
44502
44527
44517
44487
44510
44486
44466
44494
44505
44490
44473
44517
44458
44468
44468
44454
44415
44423
44351
44389
44411
44459
44413
44495
44386
44397
44515
44519
44379
44411
44477
44434
44463
44535
44500
44460
44484
44538
44543
44519
44533
44595
44584
44542
44511
44477
44505
44609
44647
44671
44735
44735
44722
44663
44671
44627
44559
44612
44607
44637
44655
44711
44688
44627
44655
44769
44731
44655
44534
44577
44511
44599
44743
44689
44639
44623
44479
44427
44477
44573
44466
44603
44677
44635
44607
44607
44447
44380
44435
44451
44503
44554
44485
44455
44461
44393
44383
44461
44434
44471
44479
44451
44427
44497
44494
44463
44364
44354
44431
44439
44371
44451
44458
44441
44497
44517
44561
44659
44543
44444
44478
44550
44511
44559
44531
44507
44465
44413
44412
44475
44549
44555
44651
44703
44671
44587
44639
44677
44555
44543
44598
44655
44591
44587
44683
44759
44766
44750
44777
44667
44551
44527
44467
44369
44478
44598
44534
44475
44492
44474
44463
44398
44541
44630
44450
44419
44463
44381
44355
44399
44465
44462
44465
44519
44498
44431
44347
44359
44287
44362
44419
44447
44461
44507
44446
44350
44406
44411
44427
44412
44493
44382
44340
44463
44522
44479
44536
44518
44530
44583
44507
44500
44511
44497
44475
44539
44594
44631
44698
44653
44597
44591
44558
44509
44395
44399
44479
44471
44460
44491
44446
44423
44467
44467
44434
44530
44583
44523
44493
44478
44413
44335
44335
44331
44383
44461
44415
44414
44451
44433
44431
44369
44431
44456
44454
44453
44571
44630
44519
44459
44431
44335
44298
44399
44580
44507
44519
44664
44685
44633
44658
44589
44566
44574
44597
44607
44590
44482
44529
44585
44558
44591
44591
44543
44545
44526
44564
44485
44442
44490
44543
44621
44622
44636
44629
44621
44583
44502
44493
44447
44445
44449
44509
44498
44339
44414
44445
44437
44530
44716
44747
44565
44591
44639
44583
44524
44591
44581
44549
44648
44582
44573
44591
44525
44519
44575
44643
44514
44537
44551
44549
44591
44573
44471
44463
44573
44564
44535
44539
44554
44527
44573
44541
44479
44540
44535
44477
44541
44690
44693
44632
44621
44645
44638
44637
44767
44759
44655
44715
44643
44619
44693
44639
44531
44606
44659
44584
44580
44679
44785
44743
44663
44773
44648
44651
44606
44485
44305
44386
44415
44474
44495
44522
44503
44498
44439
44454
44447
44484
44389
44473
44486
44415
44510
44467
44533
44599
44553
44534
44531
44591
44636
44469
44479
44591
44527
44507
44499
44515
44543
44563
44583
44681
44659
44549
44561
44636
44533
44607
44631
44587
44571
44527
44661
44626
44487
44538
44743
44734
44709
44711
44709
44731
44743
44690
44700
44631
44535
44607
44646
44577
44601
44596
44573
44579
44519
44619
44627
44436
44421
44526
44503
44411
44468
44479
44451
44413
44411
44396
44477
44519
44431
44414
44455
44404
44454
44530
44613
44574
44563
44515
44533
44550
44511
44506
44462
44498
44473
44413
44464
44483
44490
44531
44570
44543
44575
44566
44648
44671
44687
44679
44730
44770
44815
44759
44499
44566
44718
44637
44614
44638
44718
44658
44607
44565
44519
44615
44602
44522
44421
44534
44482
44437
44564
44509
44530
44578
44517
44597
44537
44553
44446
44382
44501
44521
44520
44572
44609
44506
44639
44617
44542
44541
44453
44504
44591
44487
44495
44471
44531
44687
44605
44504
44587
44575
44536
44435
44371
44462
44548
44478
44466
44491
44502
44527
44529
44669
44629
44664
44799
44733
44639
44648
44685
44656
44591
44495
44453
44559
44591
44683
44751
44744
44659
44621
44581
44541
44483
44457
44439
44427
44527
44558
44526
44714
44771
44647
44647
44734
44617
44539
44620
44703
44686
44586
44714
44667
44642
44637
44677
44533
44627
44678
44577
44509
44554
44519
44491
44496
44588
44735
44759
44551
44537
44589
44491
44479
44497
44538
44563
44517
44509
44507
44465
44540
44625
44578
44572
44591
44526
44519
44499
44539
44465
44442
44589
44560
44471
44492
44503
44507
44471
44431
44435
44479
44482
44450
44451
44403
44411
44439
44521
44509
44468
44441
44499
44530
44574
44610
44627
44595
44581
44611
44595
44469
44470
44601
44665
44679
44677
44711
44630
44526
44502
44607
44655
44659
44677
44607
44653
44613
44691
44799
44862
44747
44663
44739
44799
44727
44459
44440
44531
44495
44470
44485
44531
44627
44589
44559
44590
44576
44543
44557
44468
44517
44562
44580
44533
44543
44473
44386
44436
44519
44466
44484
44514
44539
44519
44442
44485
44477
44519
44487
44543
44552
44495
44562
44597
44585
44619
44735
44874
44703
44581
44669
44823
44735
44685
44639
44602
44558
44625
44671
44659
44613
44644
44683
44566
44454
44447
44527
44495
44539
44613
44575
44635
44601
44583
44589
44639
44639
44517
44437
44477
44551
44557
44578
44473
44427
44415
44443
44421
44475
44506
44447
44459
44462
44495
44523
44651
44593
44479
44520
44539
44575
44510
44500
44520
44539
44557
44571
44579
44552
44552
44511
44487
44429
44494
44521
44487
44499
44571
44558
44469
44430
44447
44491
44574
44679
44631
44620
44479
44434
44409
44462
44431
44458
44521
44596
44614
44641
44739
44749
44627
44551
44535
44571
44615
44733
44688
44654
44719
44691
44620
44607
44615
44462
44469
44485
44525
44605
44642
44594
44665
44615
44559
44543
44422
44303
44382
44436
44389
44376
44365
44316
44397
44439
44509
44568
44567
44615
44683
44621
44491
44543
44615
44593
44630
44599
44559
44414
44431
44463
44459
44485
44572
44639
44619
44542
44602
44502
44508
44573
44595
44511
44584
44535
44559
44492
44475
44495
44506
44582
44641
44623
44533
44497
44475
44468
44492
44518
44543
44579
44556
44554
44455
44415
44444
44453
44555
44641
44699
44681
44615
44628
44578
44511
44535
44475
44537
44502
44472
44514
44511
44543
44576
44659
44605
44441
44457
44511
44569
44409
44459
44463
