44401
44329
44313
44362
44366
44286
44252
44331
44431
44486
44561
44595
44589
44572
44532
44452
44443
44415
44310
44283
44270
44217
44244
44191
44140
44155
44205
44182
44199
44223
44293
44297
44415
44487
44486
44519
44524
44485
44452
44462
44495
44599
44607
44479
44371
44343
44323
44253
44286
44285
44287
44327
44374
44419
44431
44415
44197
44170
44255
44285
44295
44318
44367
44326
44331
44350
44359
44279
44319
44242
44240
44268
44308
44391
44471
44578
44671
44767
44725
44677
44661
44686
44687
44707
44695
44752
44709
44642
44644
44665
44652
44570
44567
44547
44577
44643
44645
44701
44739
44725
44787
44793
44809
44809
44907
44987
44835
44763
44831
44785
44724
44735
44772
44789
44863
44863
44831
44792
44815
44820
44803
44755
44784
44699
44667
44571
44531
44578
44583
44561
44578
44615
44591
44511
44488
44435
44469
44559
44593
44556
44498
44504
44506
44493
44478
44534
44507
44501
44470
44499
44499
44541
44543
44501
44519
44655
44777
44695
44663
44659
44655
44575
44527
44487
44522
44557
44539
44506
44363
44323
44351
44340
44168
44134
44120
44079
44014
44092
44126
43976
43888
43953
44001
44006
44045
44063
44148
44236
44307
44331
44379
44462
44437
44462
44483
44524
44617
44647
44733
44861
44849
44663
44615
44585
44557
44521
44671
44649
44455
44551
44586
44551
44629
44685
44623
44621
44593
44479
44367
44278
44268
44283
44355
44315
44303
44227
44211
44260
44287
44335
44357
44460
44522
44474
44454
44439
44471
44502
44508
44533
44567
44535
44525
44509
44511
44477
44455
44414
44430
44479
44537
44490
44487
44542
44554
44511
44570
44669
44662
44522
44543
44629
44551
44539
44615
44591
44605
44542
44467
44399
44382
44397
44343
44302
44264
44255
44257
44254
44295
44293
44351
44339
44263
44271
44287
44267
44266
44338
44383
44391
44404
44391
44275
44302
44317
44327
44310
44391
44378
44387
44342
44378
44297
44223
44211
44107
44092
44121
44287
44383
44246
44309
44404
44407
44429
44513
44497
44485
44469
44481
44509
44543
44555
44597
44655
44655
44563
44443
44467
44489
44495
44555
44556
44515
44455
44517
44543
44507
44385
44431
44454
44407
44413
44485
44526
44497
44352
44287
44321
44339
44421
44426
44430
44378
44361
44383
44404
44287
44347
44567
44667
44577
44568
44665
44556
44525
44543
44540
44444
44458
44476
44495
44483
44516
44569
44542
44415
44410
44463
44495
44578
44614
44660
44684
44681
44692
44759
44735
44717
44635
44641
44659
44719
44633
44639
44555
44491
44519
44526
44572
44601
44556
44486
44459
44469
44455
44389
44415
44445
44391
44487
44637
44539
44409
44526
44617
44599
44603
44660
44671
44643
44606
44615
44510
44554
44535
44619
44641
44693
44759
44731
44693
44683
44662
44620
44556
44611
44583
44599
44607
44603
44687
44811
44885
44853
44763
44678
44565
44543
44426
44427
44461
44366
44351
44441
44475
44495
44479
44460
44383
44404
44487
44575
44513
44447
44483
44423
44460
44455
44443
44487
44540
44591
44581
44627
44618
44622
44679
44607
44585
44479
44459
44415
44447
44333
44217
44172
44139
44159
44127
44135
44164
44184
44156
44209
44268
44300
44285
44251
44283
44421
44519
44617
44649
44697
44730
44711
44723
44751
44730
44701
44587
44632
44729
44605
44549
44633
44661
44589
44651
44731
44719
44703
44750
44694
44717
44765
44773
44680
44687
44683
44601
44476
44448
44374
44355
44315
44357
44318
44397
44442
44524
44582
44667
44699
44651
44685
44753
44727
44723
44767
44815
44763
44799
44845
44849
44841
44811
44854
44798
44686
44619
44631
44637
44710
44680
44614
44589
44618
44582
44570
44607
44551
44516
44560
44632
44606
44574
44595
44607
44639
44597
44595
44642
44671
44690
44668
44652
44591
44622
44618
44557
44547
44581
44575
44535
44475
44475
44489
44525
44559
44609
44634
44651
44606
44645
44570
44616
44595
44611
44618
44650
44655
44650
44667
44783
44791
44651
44611
44661
44643
44587
44661
44699
44651
44619
44666
44662
44574
44565
44586
44617
44642
44661
44643
44590
44599
44552
44537
44559
44535
44524
44477
44500
44487
44495
44531
44571
44535
44469
44493
44499
44476
44415
44424
44434
44462
44458
44438
44444
44444
44415
44396
44415
44449
44375
44427
44535
44447
44311
44374
44342
44270
44304
44287
44215
44181
44217
44243
44285
44315
44251
44202
44255
44330
44316
44366
44375
44409
44349
44346
44411
44447
44444
44437
44444
44443
44413
44386
44371
44398
44375
44395
44374
44370
44333
44411
44438
44387
44435
44535
44514
44495
44534
44518
44490
44494
44518
44616
44654
44475
44451
44483
44479
44442
44405
44405
44374
44393
44435
44501
44519
44527
44570
44517
44478
44523
44431
44485
44508
44515
44417
44453
44474
44519
44487
44511
44505
44516
44525
44543
44557
44543
44591
44509
44525
44511
44543
44487
44445
44473
44495
44505
44509
44501
44535
44543
44548
44495
44559
44681
44707
44543
44538
44571
44551
44535
44558
44542
44583
44590
44618
44602
44603
44606
44634
44599
44607
44581
44523
44538
44564
44543
44518
44498
44523
44523
44508
44454
44455
44505
44495
44434
44492
44519
44529
44551
44543
44522
44473
44505
44435
44439
44501
44532
44519
44461
44446
44415
44361
44393
44511
44668
44661
44533
44557
44587
44559
44531
44531
44499
44465
44462
44435
44375
44287
44269
44235
44271
44316
44372
44379
44427
44467
44501
44515
44532
44527
44477
44499
44527
44607
44638
44629
44655
44629
44635
44645
44669
44744
44742
44775
44772
44761
44751
44628
44607
44575
44531
44507
44526
44557
44598
44639
44785
44741
44671
44763
44867
44923
45054
45046
44910
44817
44824
44903
44900
44911
44911
44936
45013
45028
44915
44835
44713
44687
44653
44692
44703
44727
44775
44803
44840
44835
44771
44743
44671
44620
44646
44661
44559
44429
44409
44355
44309
44345
44358
44340
44382
44374
44365
44339
44399
44489
44495
44543
44658
44447
44371
44391
44407
44381
44362
44379
44409
44341
44380
44500
44559
44630
44592
44466
44415
44403
44360
44362
44415
44479
44472
44481
44560
44620
44586
44613
44603
44671
44629
44595
44557
44542
44543
44411
44421
44543
44624
44611
44671
44743
44690
44671
44678
44607
44585
44531
44507
44399
44439
44618
44663
44687
44719
44767
44735
44585
44518
44514
44461
44427
44371
44319
44277
44241
44266
44279
44336
44293
44223
44254
44175
44131
44222
44283
44306
44356
44357
44390
44398
44449
44475
44484
44453
44468
44463
44388
44329
44327
44347
44343
44242
44201
44226
44247
44235
44223
44263
44223
44273
44231
44301
44362
44253
44269
44376
44453
44466
44523
44558
44589
44583
44539
44511
44523
44572
44581
44515
44600
44626
44563
44547
44523
44529
44555
44651
44788
44876
44807
44700
44660
44572
44502
44405
44446
44509
44516
44505
44515
44460
44489
44482
44514
44570
44635
44535
44497
44519
44492
44471
44439
44415
44503
44462
44359
44382
44491
44399
44426
44453
44456
44488
44525
44559
44619
44646
44615
44623
44691
44765
44807
44803
44767
44683
44628
44677
44626
44659
44564
44543
44567
44511
44455
44443
44523
44533
44637
44623
44562
44521
44519
44533
44506
44486
44440
44447
44409
44331
44301
44297
44263
44233
44192
44166
44319
44463
44303
44326
44397
44459
44447
44473
44559
44551
44531
44543
44465
44402
44415
44431
44435
44462
44495
44560
44588
44654
44746
44735
44660
44594
44565
44471
44443
44479
44471
44518
44575
44595
44463
44471
44446
44455
44461
44503
44478
44491
44511
44593
44565
44532
44404
44315
44283
44279
44255
44262
44430
44531
44295
44299
44423
44403
44375
44368
44337
44315
44300
44302
44301
44317
44342
44286
44279
44223
44205
44191
44281
44276
44287
44293
44257
44319
44337
44256
44299
44346
44351
44345
44415
44490
44519
44575
44591
44605
44637
44607
44644
44647
44683
44728
44774
44758
44756
44713
44755
44750
44654
44679
44772
44807
44650
44684
44734
44671
44599
44601
44583
44581
44632
44661
44601
44560
44548
44535
44515
44502
44527
44506
44543
44478
44442
44421
44441
44511
44528
44515
44559
44595
44550
44490
44492
44430
44423
44435
44450
44420
44466
44495
44516
44577
44605
44639
44575
44543
44550
44565
44603
44521
44508
44622
44757
44723
44593
44621
44645
44627
44625
44613
44641
44647
44627
44611
44538
44525
44506
44543
44511
44511
44539
44542
44575
44533
44518
44563
44565
44475
44500
44523
44507
44479
44434
44431
44477
44461
44437
44471
44443
44433
44462
44534
44535
44527
44503
44514
44511
44551
44517
44558
44543
44495
44509
44639
44599
44476
44495
44573
44593
44547
44551
44516
44507
44495
44430
44461
44477
44482
44415
44433
44393
44467
44470
44437
44395
44388
44451
44479
44423
44447
44524
44479
44511
44454
44465
44501
44524
44518
44531
44575
44507
44386
44298
44275
44255
44275
44265
44284
44333
44300
44340
44319
44259
44252
44387
44491
44452
44339
44411
44382
44318
44341
44399
44415
44437
44455
44507
44479
44447
44517
44563
44611
44594
44607
44538
44563
44691
44777
44846
44979
45008
44900
44843
44857
44769
44795
44923
44877
44792
44806
44774
44718
44659
44710
44819
44905
44709
44593
44491
44349
44305
44260
44319
44399
44385
44557
44699
44670
44710
44887
44971
44843
44811
44787
44763
44687
44756
44783
44789
44871
44841
44719
44575
44527
44437
44414
44431
44386
44413
44489
44451
44485
44466
44456
44409
44463
44425
44397
44379
44378
44310
44253
44307
44325
44335
44387
44419
44413
44382
44331
44326
44394
44498
44510
44508
44522
44506
44666
44722
44551
44543
44671
44553
44507
44543
44534
44586
44651
44623
44586
44604
44615
44649
44693
44629
44543
44506
44476
44434
44399
44402
44358
44311
44315
44287
44314
44319
44355
44391
44493
44537
44555
44612
44683
44646
44620
44714
44734
44617
44457
44431
44322
44243
44296
44344
44431
44451
44434
44411
44466
44426
44231
44169
44237
44222
44247
44387
44500
44483
44401
44431
44415
44369
44249
44230
44179
44172
44138
44287
44371
44335
44389
44411
44375
44223
44222
44203
44261
44393
44526
44553
44543
44638
44647
44616
44670
44671
44563
44540
44575
44587
44604
44583
44462
44522
44535
44601
44595
44638
44683
44655
44751
44841
44729
44658
44717
44799
44807
44783
44799
44798
44788
44739
44655
44670
44650
44553
44543
44571
44551
44521
44514
44543
44543
44414
44505
44589
44572
44574
44502
44505
44521
44452
44479
44462
44351
44395
44395
44445
44446
44421
44367
44395
44355
44362
44391
44339
44312
44327
44295
44261
44197
44159
44230
44234
44134
44107
44223
44234
44171
44238
44253
44221
44259
44249
44271
44235
44324
44367
44391
44319
44309
44311
44388
44381
44382
44309
44325
44363
44377
44334
44309
44311
44287
44335
44289
44361
44442
44398
44395
44471
44543
44564
44595
44591
44591
44606
44595
44538
44563
44543
44531
44530
44559
44591
44750
44709
44594
44642
44658
44618
44595
44658
44615
44630
44665
44631
44605
44623
44669
44687
44714
44768
44763
44751
44678
44703
44702
44679
44722
44750
44715
44691
44631
44626
44626
44589
44531
44511
44492
44477
44516
44479
44534
44524
44537
44533
44538
44575
44603
44617
44626
44644
44619
44630
44597
44702
44797
44630
44587
44650
44676
44593
44564
44515
44500
44543
44558
44477
44463
44518
44539
44523
44457
44471
44487
44463
44510
44527
44526
44541
44555
44530
44502
44439
44453
44484
44511
44495
44450
44485
44487
44405
44382
44391
44349
44409
44469
44523
44522
44511
44495
44393
44388
44351
44297
44323
44482
44579
44462
44455
44624
44613
44492
44523
44543
44599
44663
44764
44790
44702
44607
44541
44612
44645
44642
44628
44677
44587
44595
44639
44615
44554
44605
44603
44509
44487
44458
44487
44454
44479
44543
44508
44507
44508
44495
44518
44587
44579
44489
44541
44597
44511
44521
44497
44505
44447
44455
44579
44764
44755
44551
44595
44647
44599
44559
44514
44535
44571
44537
44590
44578
44603
44660
44594
44575
44518
44457
44466
44423
44393
44415
44357
44247
44339
44333
44323
44342
44369
44377
44469
44453
44463
44557
44557
44543
44575
44559
44562
44609
44559
44523
44527
44575
44529
44521
44567
44567
44482
44463
44516
44586
44533
44377
44393
44415
44499
44534
44583
44519
44523
44543
44513
44467
44523
44540
44597
44549
44547
44535
44564
44542
44565
44555
44659
44641
44527
44572
44615
44671
44755
44647
44671
44703
44650
44626
44647
44649
44730
44762
44743
44707
44683
44652
44627
44651
44686
44809
44775
44732
44629
44408
44335
44467
44439
44296
44327
44378
44366
44432
44469
44469
44529
44519
44471
44463
44459
44517
44619
44719
44715
44652
44615
44597
44517
44387
44450
44543
44541
44457
44445
44407
44296
44295
44303
44287
44265
44203
44197
44183
44193
44215
44238
44157
44196
44191
44223
44159
44203
44225
44235
44237
44286
44318
44347
44447
44363
44218
44287
44326
44331
44382
44415
44332
44295
44333
44351
44351
44313
44306
44295
44321
44363
44369
44378
44355
44339
44363
44330
44391
44447
44463
44409
44460
44462
44478
44462
44459
44439
44500
44447
44406
44374
44409
44415
44461
44505
44551
44572
44611
44543
44543
44487
44503
44507
44439
44539
44579
44415
44418
44420
44458
44396
44394
44389
44360
44395
44451
44475
44504
44479
44492
44459
44470
44499
44501
44516
44543
44599
44563
44591
44567
44572
44601
44642
44653
44702
44650
44603
44661
44583
44500
44449
44419
44475
44467
44398
44402
44395
44312
44259
44270
44370
44387
44437
44519
44442
44453
44633
44703
44515
44511
44559
44419
44415
44459
44415
44483
44467
44533
44550
44577
44591
44559
44527
44511
44477
44433
44457
44503
44519
44499
44573
44581
44607
44669
44617
44589
44635
44635
44603
44589
44648
44705
44679
44662
44588
44488
44510
44494
44523
44531
44523
44531
44531
44521
44577
44583
44583
44647
44761
44675
44543
44578
44531
44571
44571
44573
44581
44597
44619
44637
44651
44587
44617
44607
44636
44527
44517
44572
44630
44597
44607
44663
44687
44719
44735
44717
44682
44743
44791
44767
44715
44678
44702
44702
44651
44611
44648
44635
44622
44585
44581
44611
44653
44683
44639
44666
44631
44611
44631
44687
44779
44815
44648
44597
44658
44618
44564
44543
44507
44537
44599
44606
44563
44571
44619
44599
44617
44595
44588
44510
44463
44436
44419
44383
44419
44385
44429
44437
44379
44393
44343
44333
44318
44383
44346
44351
44423
44415
44435
44363
44363
44345
44358
44431
44527
44575
44602
44611
44628
44685
44671
44703
44739
44703
44623
44475
44537
44509
44509
44479
44395
44394
44465
44481
44471
44506
44430
44409
44413
44393
44415
44470
44439
44415
44340
44351
44379
44375
44409
44415
44400
44426
44471
44411
44365
44395
44425
44534
44613
44507
44543
44537
44518
44604
44692
44627
44698
44807
44863
44912
44892
44847
44631
44577
44567
44620
44396
44411
44519
44491
44465
44411
44406
44359
44304
44261
44286
44333
44254
44307
44381
44457
44445
44453
44395
44394
44438
44503
44442
44444
44415
44367
44414
44475
44473
44605
44711
44718
44735
44727
44661
44691
44698
44715
44703
44727
44719
44804
44838
44831
44838
44837
44893
44829
44673
44695
44875
44889
44794
44789
44819
44740
44683
44693
44702
44741
44735
44843
44891
44950
44847
44804
44743
44631
44555
44568
44645
44639
44638
44543
44534
44478
44454
44428
44464
44471
44552
44543
44516
44479
44517
44415
44453
44434
44467
44520
44589
44543
44533
44508
44443
44377
44349
44333
44395
44402
44409
44551
44681
44601
44471
44479
44439
44446
44459
44415
44462
44447
44475
44402
44312
44281
44268
44271
44295
44273
44293
44334
44347
44322
44351
44383
44328
44342
44354
44299
44365
44386
44405
44441
44444
44467
44446
44499
44541
44599
44591
44606
44631
44638
44639
44629
44671
44723
44741
44818
44866
44817
44881
45015
44949
44773
44843
44927
44908
44839
44847
44879
44891
44877
44833
44843
44847
44829
44791
44771
44811
44831
44813
44805
44862
44890
44830
44799
44795
44813
44797
44783
44795
44799
44737
44746
44807
44813
44825
44759
44742
44742
44765
44757
44668
44677
44667
44664
44617
44596
44629
44582
44537
44603
44686
44577
44511
44619
44676
44687
44678
44701
44740
44667
44652
44606
44607
44520
44471
44422
44331
44271
44186
44157
44127
44127
44203
44229
44294
44329
44253
44173
44119
44170
44236
44305
44347
44399
44425
44493
44531
44587
44663
44713
44743
44781
44766
44767
44849
44916
44921
44895
44927
44959
45013
45048
45021
44811
44691
44719
44655
44626
44665
44715
44711
44655
44531
44358
44221
44246
44246
44200
44178
44283
44367
44268
44233
44292
44323
44246
44177
44183
44175
44123
44206
44351
44389
44328
44341
44270
44174
44157
44155
44219
44307
44465
44639
44655
44543
44543
44580
44735
44777
44587
44543
44473
44404
44395
44198
44101
44254
44263
44087
44149
44204
44170
44163
44244
44303
44239
44214
44268
44315
44319
44278
44310
44415
44445
44403
44404
44550
44643
44583
44503
44435
44399
44476
44478
44459
44511
44663
44767
44773
44614
44543
44447
44255
44202
44263
44415
44522
44479
44491
44357
44292
44287
44238
44159
44295
44263
44119
44068
44133
44159
44103
44103
44155
44151
44072
44014
44031
44075
44031
44071
44151
44267
44324
44417
44489
44585
44669
44724
44687
44615
44560
44562
44517
44452
44391
44358
44398
44412
44327
44265
44296
44293
44286
44310
44319
44282
44255
44277
44259
44271
44394
44435
44396
44330
44391
44570
44652
44469
44482
44501
44493
44422
44458
44471
44441
44479
44503
44479
44493
44479
44487
44474
44553
44519
44479
44446
44415
44402
44383
44397
44403
44413
44396
44398
44447
44430
44351
44343
44300
44287
44311
44235
44214
44223
44218
44212
44223
44253
44222
44183
44255
44303
44359
44457
44477
44479
44533
44465
44387
44414
44463
44399
44471
44478
44407
44395
44442
44462
44406
44365
44309
44354
44377
44420
44375
44417
44378
44437
44438
44460
44439
44432
44365
44383
44388
44266
44285
44296
44311
44401
44437
44390
44347
44409
44383
44366
44295
44299
44319
44324
44340
44410
44429
44465
44494
44482
44550
44665
44523
44327
44341
44313
44179
44110
44103
44087
44041
44044
44178
44287
44267
44334
44509
44683
44729
44795
44858
44855
44849
44834
44843
44883
44934
45001
45045
44951
44763
44766
44841
44766
44698
44573
44570
44597
44727
44789
44757
44903
45045
45109
45093
45011
44934
44823
44750
44575
44543
44615
44515
44410
44390
44378
44383
44365
44359
44369
44384
44438
44467
44427
44399
44435
44408
44381
44366
44436
44553
44515
44503
44543
44611
44587
44599
44575
44555
44475
44493
44454
44471
44525
44543
44580
44487
44540
44632
44654
44671
44636
44553
44538
44503
44363
44341
44365
44351
44390
44347
44361
44428
44427
44349
44415
44479
44498
44535
44535
44455
44446
44463
44383
44399
44378
44427
44418
44467
44495
44477
44519
44490
44551
44550
44500
44471
44415
44381
44350
44357
44373
44439
44485
44486
44470
44445
44414
44371
44319
44301
44229
44276
44303
44253
44275
44295
44335
44359
44366
44415
44470
44543
44660
44559
44534
44569
44579
44590
44651
44612
44596
44635
44652
44587
44567
44654
44693
44735
44741
44724
44755
44745
44731
44681
44620
44639
44639
44613
44573
44583
44539
44571
44503
44527
44553
44611
44647
44631
44595
44533
44471
44445
44487
44474
44478
44415
44414
44419
44411
44477
44415
44439
44575
44579
44428
44508
44582
44498
44493
44541
44559
44462
44492
44543
44564
44531
44543
44599
44631
44626
44606
44626
44599
44589
44591
44636
44617
44534
44531
44505
44523
44507
44566
44543
44551
44526
44551
44511
44499
44429
44455
44447
44447
44394
44358
44383
44403
44324
44364
44441
44423
44405
44433
44498
44479
44311
44280
44359
44287
44225
44175
44253
44239
44255
44287
44244
44263
44301
44334
44342
44339
44286
44291
44276
44319
44349
44387
44421
44494
44543
44569
44499
44492
44535
44542
44589
44695
44782
44826
44894
44826
44671
44603
44505
44462
44442
44389
44279
44271
44236
44229
44223
44303
44390
44543
44507
44478
44605
44709
44793
44826
44845
44915
45034
45114
45195
45111
45099
45022
45039
44987
44982
44833
44799
44817
44823
44862
44826
44770
44773
44811
44797
44831
44789
44805
44826
44871
44825
44827
44805
44799
44807
44734
44803
44782
44812
44758
44751
44719
44767
44757
44750
44767
44723
44721
44867
44863
44735
44671
44682
44606
44564
44541
44585
44553
44629
44649
44599
44631
44645
44667
44697
44637
44589
44583
44629
44629
44535
44588
44633
44677
44685
44742
44726
44731
44690
44695
44682
44643
44661
44661
44571
44554
44570
44633
44585
44599
44617
44615
44629
44646
44635
44683
44635
44651
44671
44746
44703
44593
44518
44579
44543
44559
44541
44551
44487
44505
44490
44460
44479
44466
44510
44541
44507
44499
44477
44433
44341
44365
44405
44453
44477
44516
44463
44488
44503
44556
44475
44407
44409
44471
44503
44489
44523
44567
44585
44567
44600
44590
44511
44461
44395
44391
44347
44302
44239
44228
44333
44459
44349
44243
44317
44356
44337
44409
44363
44279
44305
44329
44375
44413
44438
44405
44380
44360
44335
44382
44363
44363
44366
44349
44382
44311
44241
44211
44223
44263
44305
44356
44383
44430
44356
44295
44211
44223
44182
44075
44087
44127
44166
44206
44252
44223
44181
44177
44181
44154
44153
44175
44351
44431
44186
44195
44248
44278
44120
44141
44156
44121
44153
44239
44180
44188
44223
44187
44184
44179
44198
44244
44299
44242
44251
44206
44180
44243
44251
44267
44270
44271
44299
44303
44279
44280
44262
44287
44359
44287
44326
44286
44341
44267
44273
44287
44287
44219
44238
44298
44342
44383
44467
44583
44691
44620
44423
44411
44453
44314
44365
44463
44615
44671
44707
44644
44663
44671
44711
44694
44749
44803
44793
44757
44641
44607
44605
44570
44598
44539
44510
44507
44520
44518
44505
44447
44347
44284
44287
44273
44274
44259
44269
44347
44346
44325
44338
44381
44389
44363
44367
44402
44407
44404
44372
44482
44605
44575
44407
44407
44431
44435
44451
44543
44587
44479
44543
44503
44519
44563
44543
44511
44517
44485
44504
44489
44415
44421
44296
44372
44396
44279
44238
44255
44299
44325
44425
44487
44501
44535
44526
44566
44583
44575
44571
44532
44499
44522
44605
44633
44555
44543
44562
44462
44457
44424
44422
44521
44582
44543
44589
44621
44603
44446
44373
44415
44425
44380
44468
44453
44442
44523
44557
44607
44627
44583
44588
44603
44651
44693
44747
44773
44780
44779
44728
44635
44543
44559
44622
44697
44717
44798
44939
44913
44892
44827
44754
44834
44943
44927
44799
44669
44636
44639
44599
44619
44775
44859
44909
44873
44733
44521
44411
44447
44428
44369
44347
44310
44263
44238
44234
44227
44231
44260
44293
44316
44230
44083
44149
44179
44222
44260
44271
44371
44403
44394
44457
44543
44550
44497
44543
44551
44568
44631
44617
44643
44641
44606
44618
44529
44511
44467
44453
44525
44551
44463
44471
44509
44572
44580
44671
44789
44575
44487
44525
44575
44493
44514
44587
44644
44695
44719
44668
44699
44627
44601
44664
44665
44669
44712
44721
44765
44747
44725
44723
44665
44603
44486
44471
44541
44533
44507
44501
44465
44459
44519
44511
44475
44397
44415
44501
44479
44411
44383
44427
44415
44469
44501
44478
44431
44392
44462
44603
44552
44427
44587
44683
44636
44607
44601
44667
44685
44725
44757
44705
44745
44869
44919
44819
44562
44446
44381
44318
44365
44475
44590
44566
44535
44443
44393
44443
44499
44442
44485
44562
44575
44479
44456
44518
44627
44586
44503
44521
44507
44495
44420
44442
44479
44452
44443
44527
44517
44543
44684
44770
44647
44543
44575
44501
44467
44479
44551
44611
44659
44659
44646
44682
44663
44645
44646
44647
44623
44614
44611
44662
44687
44686
44697
44687
44718
44787
44817
44853
44874
44826
44755
44621
44604
44639
44599
44601
44685
44837
44870
44791
44741
44597
44613
44527
44492
44523
44663
44629
44463
44551
44690
44631
44521
44543
44493
44368
44415
44475
44432
44467
44517
44540
44616
44569
44596
44654
44686
44621
44594
44645
44639
44671
44691
44678
44662
44701
44729
44734
44717
44717
44763
44783
44805
44865
44863
44859
44859
44881
44830
44790
44773
44842
44831
44767
44734
44725
44721
44741
44757
44819
44720
44765
44860
44681
44630
44728
44717
44687
44663
44671
44677
44623
44655
44671
44633
44539
44541
44543
44516
44519
44618
44634
44591
44519
44543
44549
44455
44475
44484
44393
44442
44475
44425
44415
44445
44407
44423
44453
44483
44505
44528
44487
44487
44517
44505
44530
44461
44491
44533
44562
44539
44506
44485
44620
44710
44555
44524
44575
44551
44498
44553
44554
44493
44487
44543
44558
44495
44527
44551
44553
44558
44575
44603
44562
44615
44687
44676
44653
44758
44735
44711
44748
44815
44789
44767
44747
44692
44671
44647
44658
44626
44555
44537
44505
44478
44468
44479
44510
44447
44440
44412
44403
44402
44420
44423
44532
44590
44411
44405
44397
44408
44449
44390
44447
44487
44423
44456
44449
44498
44533
44515
44479
44524
44470
44491
44470
44511
44527
44479
44465
44459
44514
44518
44503
44508
44479
44526
44511
44508
44505
44523
44467
44415
44467
44511
44532
44494
44511
44542
44471
44443
44443
44427
44430
44473
44427
44398
44531
44617
44445
44387
44394
44398
44315
44328
44361
44392
44383
44393
44331
44367
44389
44344
44285
44187
44205
44239
44239
44204
44202
44263
44248
44244
44269
44285
44280
44287
44317
44318
44318
44293
44287
44383
44346
44309
44330
44375
44406
44335
44303
44331
44328
44341
44423
44467
44515
44539
44568
44557
44710
44689
44594
44576
44613
44623
44628
44618
44543
44543
44599
44578
44555
44610
44651
44687
44671
44652
44531
44557
44598
44630
44559
44559
44566
44491
44512
44588
44639
44573
44585
44715
44837
44985
45039
44982
44959
45007
44999
44982
44967
45023
45068
45019
44970
44794
44775
44741
44741
44692
44598
44511
44588
44694
44663
44537
44599
44635
44607
44691
44690
44602
44487
44455
44445
44399
44426
44475
44470
44451
44451
44442
44450
44403
44388
44368
44377
44281
44239
44211
44229
