44998
44997
45091
45156
45061
45011
45042
45031
44998
45017
45046
44981
44906
44887
44933
44937
44918
44917
44973
44934
44895
44954
44999
44986
44989
45030
45010
44969
44938
44947
45002
44997
44983
45041
45073
45005
44972
45051
45066
45079
45109
45123
45140
45119
45061
45075
45091
45083
45111
45113
45151
45093
45035
45061
45085
45107
45059
45053
45051
45069
45020
44997
45071
45133
45135
45170
45131
45141
45184
45213
45294
45231
45160
45118
45146
45177
45085
45059
45099
45099
45055
45055
45003
44975
44956
44939
44985
44975
45023
45092
45091
45125
45113
45055
44987
45022
44942
44859
44871
44861
44863
44815
44826
44823
44907
44981
44986
45019
45023
44954
44895
44903
44856
44885
44918
44943
44901
44925
44934
44962
44945
44957
45055
45065
45044
45074
45114
45166
45089
45087
45143
45059
45011
45062
45083
45103
45011
45086
45192
45207
45199
45173
45251
45303
45300
45266
45239
45228
45237
45220
45183
45213
45119
45051
44997
44973
45019
45067
45071
45070
45128
45159
45141
45138
45103
45064
45031
45082
45097
44995
45019
45047
45048
45015
44951
44962
44991
45018
45019
45042
45034
45099
45135
45127
45087
45079
45117
45133
45110
45131
45055
45047
44985
44920
44869
44893
44911
44909
44927
44949
45002
44987
44986
45041
45038
45069
45111
45171
45143
45134
45163
45217
45214
45197
45135
45131
45127
45117
45131
45123
45075
45031
45047
45039
44955
44958
44978
44983
45025
45010
45020
45070
45013
44974
45011
45005
44931
44966
44999
44947
44895
44943
44979
44937
44948
44946
44938
44941
44927
44934
44967
44967
44989
45060
44995
44983
44956
44987
44935
44932
44974
45055
45141
45119
45117
45144
45134
45124
45139
45165
45195
45210
45199
45214
45246
45250
45199
45197
45252
45221
45156
45135
45133
45139
45117
45111
45099
45117
45139
45100
45119
45151
45150
45081
45083
45076
45067
45083
45087
45082
45051
45043
45084
45137
45083
45019
44947
44958
44959
44951
44990
44973
44927
44938
44923
44914
44911
44895
44869
44877
44907
44886
44837
44786
44836
44889
44889
44899
44845
44839
44895
44907
44874
44925
44997
45002
45012
44986
44953
44906
44953
45050
45079
45050
45079
45137
45195
45223
45258
45240
45238
45151
45039
44997
44999
45002
44991
44968
44973
44959
45063
45126
45051
45001
45044
45011
44973
45014
45019
45026
44946
44973
45051
45065
45007
45002
45032
45067
45079
45046
44959
44919
44933
44979
45016
45071
45005
44927
44927
44883
44839
44862
44946
44926
44885
44895
44868
44877
44927
44967
44943
44877
44823
44882
44889
44919
44942
44927
44913
44903
44927
45014
45030
44994
45034
45038
45034
44985
44927
44897
44895
44916
44908
44918
44982
45089
45128
45117
45102
45090
45017
45041
45064
45018
45039
45079
44991
44942
44979
44948
44943
44913
44863
44806
44770
44797
44783
44788
44783
44751
44807
44786
44756
44746
44777
44751
44782
44868
44905
44863
44862
44860
44807
44811
44819
44799
44787
44717
44735
44796
44838
44874
44890
44927
44975
44870
44789
44835
44891
44853
44811
44831
44863
44927
44934
44873
44951
45039
45027
44951
44911
44938
44927
44919
45045
45095
45102
45142
45189
45121
45095
45086
45151
45191
45168
45147
45127
45167
45178
45125
45091
45099
45112
45129
45049
45049
45042
44988
45045
45103
45047
44996
45007
44974
44971
45021
44991
44955
44962
44966
45020
45071
45119
45103
45047
44998
44995
45055
45116
45137
45144
45095
45055
45132
45085
45071
45003
45038
45030
45036
45098
45098
45132
45127
45119
45069
44969
44965
44983
45065
45039
44980
44963
44991
44995
45021
45032
44999
45055
45034
45053
45032
45039
45087
45070
45025
45019
45114
45174
45113
45086
45179
45219
45214
45226
45260
45310
45269
45231
45165
45091
45063
45118
45055
44970
44889
44892
44937
44991
45003
44949
45004
45020
45071
44995
44942
44951
45034
45027
44935
44989
44999
44897
44868
44917
44927
44845
44787
44786
44798
44911
44869
44863
44927
44967
44919
44915
44955
44990
44895
44927
44969
44989
45043
45094
45101
45071
45065
45083
44991
44979
44925
44852
44871
44923
44986
44991
45034
45001
44989
44978
45019
45031
44999
45015
45051
45064
45019
45007
45023
45046
45011
45020
45043
45099
45106
45074
45121
45175
45181
45183
45164
45143
45135
45145
45169
45155
45143
45163
45174
45183
45152
45095
45039
45091
45146
45111
45103
45105
45077
45083
45114
45114
45102
45169
45199
45210
45222
45181
45164
45131
45125
45094
45145
45143
45095
45037
45023
45077
45122
45085
45038
44995
45030
44998
45037
45091
45035
44993
44980
44956
44935
44994
44989
45009
45027
45018
44983
45014
44981
45021
45047
45010
44999
45007
45025
45045
45035
45039
45074
45071
45132
45116
45055
45051
44991
44927
44899
44931
44989
45070
45093
45085
45039
45076
45099
45071
45098
45140
45174
45206
45244
45202
45101
45051
45055
45043
44979
44996
45075
45172
45141
45131
45179
45231
45211
45190
45068
45043
45022
45096
45142
45135
45101
45084
45069
45019
44981
44922
44925
44910
44874
44839
44842
44924
44956
44907
44915
44907
45004
45043
44993
44996
45022
44966
44903
44887
44829
44803
44754
44823
44862
44892
44877
44872
44903
44959
45012
45009
44974
44993
45079
45163
45183
45183
45095
45143
45215
45190
45110
45098
45162
45167
45062
45070
45066
45055
45039
45094
45066
45035
45139
45186
45127
45080
44963
44925
45023
45035
44968
44885
44931
45045
45087
45038
45085
45071
44975
44949
44943
44979
45025
44998
44959
45010
44965
44869
44863
44984
44989
44911
44939
45026
45027
45007
45039
45012
45019
45070
45077
45075
45107
45141
45111
45094
45151
45163
45130
45163
45135
45169
45187
45171
45119
45194
45183
45191
45265
45194
45124
45147
45154
45151
45091
45071
45113
45059
45103
45123
45119
45146
45062
44937
44945
45042
45043
44969
45013
45054
45020
45009
44982
44960
44973
44987
45014
45039
44959
44966
44963
44991
45049
45021
44915
44944
44959
44920
44818
44797
44815
44853
44817
44832
44881
44908
44956
44974
44943
45010
45014
44933
44899
44855
44823
44790
44794
44847
44934
44991
44963
44977
44959
44893
44886
44835
44860
44883
44887
44859
44857
44951
44939
44951
45047
45055
45102
45099
45086
45020
44970
44927
44942
45007
44970
44943
45101
45077
44987
45043
45035
44971
44991
45001
44967
44989
44947
45001
44907
44972
45101
45063
45079
45050
45007
44927
44964
44916
44971
44952
44950
44980
45029
45033
45058
45062
45049
45033
44957
45027
45112
45083
45011
45039
45067
45063
45066
45183
45275
45119
45105
45081
45072
45087
45117
45071
44990
44991
45081
45138
45091
45087
45075
45086
45110
45045
45067
45069
45050
45049
45021
44923
44943
45055
45070
44969
44955
45011
45002
44997
44978
44975
44974
44959
44927
44867
44846
44865
44911
45087
45003
45025
44965
44910
44945
44817
44883
44919
44927
44885
44843
44870
44815
44890
44975
44854
44837
45021
44988
45007
45011
44906
45055
45222
45111
45030
45052
45281
45263
45214
45068
45135
45135
45059
45033
45126
45127
45029
44996
45086
45107
44973
44926
44857
44863
44902
44986
45030
44923
44871
45015
45105
44997
44999
44996
44991
44973
45013
44938
44959
45063
44817
44796
44935
44995
44999
44963
45019
45029
45007
44951
44831
44980
45001
44969
44942
44999
44991
44959
44850
44927
44991
44917
44901
44932
44969
44955
44995
45007
45106
45135
45009
44883
44829
44950
44921
44991
44977
44965
44911
44967
45070
45013
45033
45081
45049
44995
45037
45119
45094
45017
44955
44985
45103
44982
44906
45071
45096
45007
45079
45161
45061
44941
44918
45165
45113
44981
44901
44854
44958
44995
45007
44990
44847
44875
44985
44956
44885
44943
44923
44906
44831
44874
44889
44863
44919
45070
44948
44854
44951
45025
44880
44863
44921
45009
45107
45011
44907
44915
45031
44935
44859
44828
44879
44884
44947
44935
44909
45066
45183
45175
45036
45055
44988
44987
44949
44976
45052
45210
45147
45118
45098
45075
45066
45101
45126
45166
45215
45074
44931
45070
45170
45106
44951
45131
45203
45133
44874
44891
45077
44879
44790
44852
44909
44875
44878
44970
44970
45007
44967
44881
44811
44911
44935
44981
44987
44937
44843
44879
44935
44933
44939
45025
45051
45055
44965
44921
44943
45070
45118
45110
45110
45129
45113
45111
45073
45128
45130
45133
45179
45266
45203
45155
45211
45311
45290
45241
45207
45194
45171
45131
45105
45066
45068
45101
45063
45042
45082
45085
45001
44868
44919
45074
44991
44901
44958
44911
44895
44945
44903
44951
44975
44918
44915
44927
44921
44881
44861
44886
44903
44927
44938
44961
45005
45055
45095
45066
45065
45050
45079
45022
44963
44952
45020
45096
45096
45070
45111
45135
45116
45046
45007
45024
45033
45078
45127
45114
45087
45116
45148
45099
45085
45082
45110
45174
45129
45119
45176
45175
45159
45097
45124
45167
45181
45047
45000
44995
44998
45055
45055
44995
44953
44943
44995
45007
44977
44991
45023
44947
44927
44975
45023
45007
44985
45039
45055
45107
45091
45035
45055
45124
45073
45023
45016
45053
45030
45034
45104
45099
45087
45070
45003
44982
45034
45153
45095
45141
45254
45159
45085
45095
45125
45091
45109
45195
45161
45140
45133
45156
45156
45181
45207
45196
45126
45151
45228
45209
45204
45222
45190
45231
45308
45325
45279
45342
45314
45222
45207
45237
45269
45238
45235
45203
45191
45146
45130
45051
45067
45039
45055
45086
45102
45047
45077
45165
45211
45171
45107
45063
45076
45159
45140
45069
45079
45037
44974
45007
44991
44976
44955
44932
44931
44941
44931
44909
44887
44895
44945
44905
44933
44975
45006
45015
45007
44980
44981
44959
44981
44947
44946
45018
45039
45023
45003
45010
45049
45050
45052
45009
44990
45023
45035
45059
45141
45215
45246
45157
45088
45077
45107
45116
45052
44973
45031
45083
45119
45129
45097
45078
45132
45124
45090
45171
45236
45189
45143
45191
45236
45290
45254
45243
45196
45162
45107
45073
45119
45095
45047
45039
45049
44999
44924
44966
44969
44971
44974
45028
44996
44972
44926
44954
44984
44969
44987
45006
44959
44915
44927
44962
44933
44975
44999
45017
44981
44934
44918
44975
45089
45073
45040
45045
45020
44934
44907
44943
44975
44999
45006
45031
45055
45117
45095
45086
45119
45183
45134
45070
45085
45103
45122
45055
44999
45029
45023
44963
44999
45013
45046
45133
45068
45035
45101
45111
45041
44990
44945
44853
44902
44947
45019
45087
45108
45023
44968
44957
44958
44944
44944
44985
45104
45263
45230
45199
45198
45115
45063
45038
45002
44940
44966
44909
44935
44959
44964
44951
44935
44971
45051
45079
45063
45015
44983
45036
44999
44975
45017
45029
44994
44975
45011
45053
45006
44951
44989
44981
44982
44941
44948
45009
45054
45055
44993
44936
44997
45039
45037
45007
45011
45051
45030
45023
45055
45076
45055
45076
45032
44925
44921
44975
44959
44927
44943
44959
44964
44951
44962
44879
44846
44843
44885
44883
44881
44857
44783
44757
44734
44733
44747
44735
44798
44883
44851
44776
44767
44780
44769
44785
44819
44911
44905
44879
44909
44911
44859
44847
44900
44877
44885
44906
44885
44927
44970
44978
45013
45011
44969
44942
45043
45037
44927
44950
44952
44999
44973
44990
45073
45052
44991
44969
45015
45011
45002
45059
45070
45085
45065
44964
44973
45067
45129
45075
45070
45082
45055
44948
44950
44935
44943
44981
44979
44991
45014
45037
45054
45038
45055
45069
44991
45025
45005
44980
44927
44958
44946
44964
44989
45023
45079
45093
45093
45102
45059
45103
45143
45119
45066
45020
45004
45005
45050
45020
44998
45039
45015
44951
44983
44971
45017
45023
45046
45102
45051
45007
45021
44999
44948
44963
45031
45094
45119
45087
45006
44962
44958
45005
45071
45027
44995
45055
45073
45082
45019
44995
45073
45159
45171
45184
45151
45132
45123
45163
45227
45285
45187
45183
45176
45055
44975
44968
45035
45109
45183
45175
45059
45043
45110
45198
45116
45065
44997
44999
45086
45167
45053
45067
45047
45063
45137
45162
45087
45062
44999
44999
44979
45051
45037
44971
45061
45142
45110
45075
44986
44991
45031
44999
45035
45041
45122
45093
45047
45098
45263
45238
45192
45101
45150
45193
45147
45054
45119
45171
45117
45065
45131
45183
45202
45207
45171
45215
45220
45094
45125
45178
45228
45181
45130
45095
45081
45115
45133
45050
44900
45123
45181
45027
45007
45030
44938
44939
45008
45014
44959
44935
44941
44927
44915
44975
45001
44987
44995
44999
44985
44949
44999
44983
44927
44895
44934
44943
44941
44999
45015
44945
44956
44962
44919
44927
44924
44863
44777
44751
44793
44799
44817
44821
44831
44877
44927
44978
44927
44955
44939
44908
44889
44949
44925
44863
44911
45001
45047
45119
45207
45167
45151
45147
45133
45075
45095
45155
45192
45183
45218
45199
45181
45164
45125
45031
45016
45115
45091
44972
44997
45063
45114
45082
45097
45052
45022
45035
45007
44951
44948
44991
44955
44955
44994
44950
44986
44998
44932
44946
44974
45063
45049
44991
44950
44937
44926
44908
44910
44913
44893
44934
44920
44926
44891
44911
44927
44954
44927
44847
44831
44849
44877
44983
45043
44991
44985
44991
45011
45016
45041
45053
45037
44956
44935
44940
44990
45010
45067
45100
45102
45131
45105
45109
45069
45073
45128
45140
45215
45261
45231
45251
45355
45419
45407
45374
45289
45234
45170
45137
45148
45155
45092
45071
45064
45115
45050
45070
45115
45077
45077
45095
45075
45071
45155
45083
45055
45130
45076
45085
45131
45103
45094
45107
45127
45103
45087
45039
44949
44903
44875
44919
44990
44991
44975
44959
44972
45007
44988
44960
44946
44935
44951
44995
44941
45005
44989
44978
44939
44927
44917
44902
44873
44871
44885
44927
44890
44872
44904
44958
45059
45094
45071
45117
45183
45081
45009
45047
45091
45100
45101
45049
45033
45019
45028
45037
45057
44998
45023
45023
45019
44997
44967
45015
45071
45075
45027
45071
45198
45229
45215
45182
45094
45062
45051
45089
45130
45149
45157
45131
45103
45125
45135
45095
45092
45051
45053
45019
44920
44920
44953
44981
45006
44980
44970
44991
44920
44954
45017
44991
44959
44987
45038
45018
45027
45023
45047
45028
45043
45055
45051
45022
45018
45039
45061
45079
45150
45210
45193
45161
45153
45199
45193
45169
45141
45095
45083
45101
45083
45105
45109
45132
45154
45170
45187
45270
45262
45182
45230
45183
45175
45158
45187
45162
45158
45258
45286
45169
45149
45144
45102
45107
45115
45119
45076
44997
44939
44953
45003
45030
44967
44925
44983
44919
44859
44878
44912
44925
44944
45042
45065
45023
45057
45030
45103
45068
45086
45095
45046
45078
45035
45015
44990
44999
45007
45047
45079
45122
45099
45095
45107
45161
45239
45250
45249
45254
45269
45296
45154
45079
45138
45273
45309
45205
45119
45087
45079
45033
45033
45053
45076
45011
44943
44903
44951
44967
45013
44982
44931
45011
45051
44981
44971
44917
44904
44915
44867
44833
44871
44883
44887
44855
44850
44839
44842
44883
44895
44879
44842
44798
44812
44955
45040
44998
45011
44983
44990
45085
45068
45055
45137
45205
45210
45158
45129
45137
45148
45207
45226
45167
45100
45069
45065
45069
45030
45034
45083
45151
45164
45111
45130
45158
45161
45127
45095
45022
44991
45023
44979
44937
44957
45023
45023
44954
44945
44985
44975
44937
44955
44951
44956
44954
44935
45004
45055
45054
44987
44979
44974
44941
44940
44973
44975
45030
45103
45091
45035
45033
45001
44964
44965
44965
44991
45007
44972
44907
44871
44911
45014
45041
45022
44987
44987
44963
44897
44955
45065
45141
45111
45065
45103
45145
45142
45052
44934
44922
44974
45018
45070
45051
45077
45083
45063
45047
45075
45062
44966
44955
45029
44979
44901
44920
44975
44951
44953
44948
44949
44903
44871
44885
44915
44903
44863
44861
44907
44879
44895
44949
44895
44835
44868
44931
44919
44989
44979
44939
44917
44888
44859
44863
44881
44927
45007
45019
45012
44900
44874
44909
45013
45113
45132
45085
45062
45004
44970
44973
45051
45035
45107
45067
44983
45033
45053
45067
45029
45050
45027
45037
45017
44937
44900
44907
44980
45034
44973
44950
44995
44925
44927
44907
44895
44879
44887
44919
44878
44868
44871
44916
44918
44906
44874
44884
44921
44989
44943
44941
44973
44980
45039
45086
45135
45116
45103
45077
45133
45131
45173
45269
45342
45243
45093
45135
45190
45356
45399
45331
45261
45183
45144
45156
45151
45129
45166
45188
45162
45209
45235
45189
45103
45077
45082
45058
45007
45023
45028
45055
45103
45070
45051
45020
44971
44914
44910
44975
44959
44940
44965
45023
45041
45044
44991
44877
44849
44866
44883
44959
44985
44971
45021
45055
44963
44946
44965
45001
45039
45055
45090
45032
45034
45055
45110
45023
45069
45153
45219
45271
45303
45269
45201
45159
45145
45178
45209
45222
45212
45231
45253
45230
45151
45119
45067
44985
45001
45050
45111
45107
45100
45068
45107
45137
45073
45065
45108
45132
45062
45013
44998
44991
44990
45022
44995
44862
44880
44954
44947
44935
44991
45046
45027
44956
44925
44908
44863
44858
44886
44871
44840
44871
44878
44862
44853
44846
44779
44774
44826
44870
44862
44886
44923
44955
44954
44955
44982
44997
45046
45134
45191
45196
45192
45190
45214
45209
45209
45119
45047
45020
45063
45045
45015
45007
45127
45147
45105
45116
45175
45139
45037
45031
45141
45180
45139
45114
45129
45127
45086
45083
45119
45055
44986
45028
45003
45023
45055
45071
44998
44969
45015
45091
45069
45039
45037
45147
45215
45223
45191
45196
45229
45239
45205
45172
45144
45097
45049
45055
45115
45095
45067
45089
45075
45082
45061
45089
45135
45111
44999
44943
44986
44995
44968
44970
45031
45119
45125
45123
45141
45079
45022
44962
44934
44991
45071
45169
45139
45074
45086
45067
45029
45048
45049
45055
45039
45023
45054
45069
45052
45009
45023
45021
44950
44983
45016
45014
45051
45029
44952
44945
44939
44959
44959
45025
44999
44995
45067
45159
45065
44995
44997
45023
45053
45033
44974
44959
44981
44947
44881
44923
44990
44957
44972
44971
44967
44983
44997
44969
44973
44959
44996
44941
44932
44984
45025
44990
45014
45042
45033
45007
45029
45078
45135
45155
45106
45091
45158
45133
45059
45086
45099
45067
45055
45053
45054
45071
45110
45188
45219
45175
45127
45158
45173
45103
45099
45119
45128
45082
45038
44990
45003
44995
45014
45013
44998
44947
44986
45022
44940
44911
44964
44927
44923
44972
44919
44883
44991
45051
44986
44925
44899
44895
44939
44956
44945
44965
45047
45052
45066
45032
44984
44996
45023
44992
44938
44983
45015
45141
45119
45019
45003
45043
45075
45085
45107
45091
45111
45149
45182
45219
45179
45203
45245
45270
45306
45277
45195
45158
45152
45111
45135
45081
45032
45008
45035
45087
45167
45139
45119
45098
45085
45023
44991
44971
44879
44901
44983
44905
44935
44951
44879
44899
44976
45108
45153
45059
45046
45118
45151
45030
44971
45007
45032
45099
45062
45071
45154
45172
45131
45005
44915
44886
45006
44970
44862
44911
45011
44955
44935
44983
44947
44877
44874
44874
44920
45047
45067
44991
45003
45033
44982
44971
44988
45020
45095
45083
45074
45106
45063
44990
44955
44863
44863
44879
44938
44991
45014
45018
44991
45099
45073
44975
44959
44995
44936
45021
45046
45047
44981
45003
45015
44989
44863
44887
44878
44853
44862
44932
44954
44915
44821
44855
44892
44853
44772
44808
44927
45006
44939
44913
44898
44892
44893
44873
44870
44906
44991
45068
45007
45018
45033
45053
45070
45087
45103
45037
45026
45069
45167
45179
45219
45299
45257
45206
45143
45073
45033
45053
45137
45203
45244
45238
45191
45122
45085
45119
45093
45007
45030
45155
45183
45150
45117
45050
44965
45015
45075
45082
45035
44965
45007
45004
45009
45015
45041
45076
45071
45071
45050
45010
44940
44930
44959
45001
44966
44919
44906
44943
44959
44974
45007
44985
44971
44956
44891
44837
44767
44747
44753
44751
44791
44875
44889
44903
44950
44967
44933
44982
44997
45015
45031
45044
45075
45089
45063
45073
45106
45058
45055
45128
45147
45099
45003
45032
44946
44934
44988
45011
45015
44981
44963
44946
44917
44877
44829
44818
44895
44874
44749
44781
44904
45145
45339
45151
45053
44977
45005
44985
44952
44966
44964
45007
45063
45136
45239
45263
45171
45107
45183
45231
45319
45354
45357
45163
45167
45398
45437
45360
45255
45235
45247
45117
44830
44982
45178
45146
45087
45196
45309
45299
45139
45054
44823
44621
44770
44891
44916
45038
45061
45071
45163
44839
44755
44957
44927
44914
44971
45027
44875
44765
45007
44950
44886
44935
44909
44827
44882
44943
44931
45058
45035
45047
45100
45087
45037
45045
45065
45035
45048
45032
44983
44998
44939
44963
45047
45079
45188
45217
45163
45100
45079
44970
44959
44963
44978
45047
45151
45155
45035
45003
44975
44926
44860
44831
44813
44884
45002
45048
45027
45003
45012
45031
45059
45070
45098
45109
45084
45038
45036
45012
45039
45079
45101
45145
45180
45151
45102
45078
45143
45202
45207
45238
45214
45213
45195
45192
45150
45196
45176
45144
45109
45075
45130
45182
45157
45119
45181
45178
45159
45123
45103
45115
45118
45091
45047
45086
45103
45055
45017
44983
44980
44958
44971
44993
44999
45047
45124
45084
45067
45039
45011
44983
45049
45039
45025
45033
45047
45076
45071
45042
45052
45123
45137
45163
45167
45206
45179
45183
45193
45159
45175
45247
45236
45126
45154
45251
45254
45191
45230
45198
45071
45015
45057
45087
45139
45189
45215
45219
45205
45167
45068
45097
45071
45121
45137
45123
45115
45113
45009
44927
44933
44987
44987
44997
45047
45065
45039
45101
45147
45141
45061
45083
45165
45255
45188
45101
45085
45039
45018
45063
45069
45063
45061
45103
45105
45087
45055
44993
44999
45022
45098
45123
45130
45164
45230
45199
45173
45173
45147
45110
45047
45055
45051
45055
45060
45098
45212
45301
45305
45300
45272
45256
45150
45135
45130
45098
45030
45023
45031
45023
45019
44901
44895
44934
44972
44991
45002
45002
44997
45021
45023
44952
44909
44923
44991
45035
45045
45063
45039
45030
45005
45043
45019
44983
44950
44935
44974
44993
44986
45011
44951
44955
44964
44989
45059
45055
45080
45071
45053
45039
45038
45021
45019
44989
44985
45023
45050
45031
45055
45095
45111
45111
45049
45014
45003
45015
45090
45134
45130
45079
45077
45007
44959
45038
45059
45039
45015
45086
45046
44978
44971
45015
45007
44993
45034
45049
45110
45076
45031
45071
45127
45055
45081
45189
45174
45157
45142
45158
45139
45139
45098
45127
45122
45074
45084
45083
45003
44956
45030
45044
45047
44995
44979
45001
45050
45130
45139
45140
45074
45077
45043
45055
45132
45183
45215
45196
45135
45109
45113
45109
45091
45109
45107
45049
45059
45055
45055
45047
45063
45071
45139
45189
45118
45062
45020
45050
44990
45030
45067
45085
45096
45093
45047
45007
45015
44991
44941
44998
45070
45102
45118
45076
44985
44913
44927
45002
45044
45110
45167
45162
45128
45131
45110
45043
45062
45049
45023
45021
45084
45092
45070
45077
45129
45114
45037
44979
44991
45039
45009
44986
45038
45034
44975
44917
44881
44889
44911
44895
44869
44900
44927
44870
44905
44850
44789
44833
44813
44808
44852
44853
44825
44782
44697
44731
44830
44825
44827
44847
44843
44899
44902
44909
44943
44916
44938
44972
44984
44979
44967
44920
44903
45025
45101
45101
45190
45163
45118
45008
44927
44970
44989
45004
44997
45023
45002
45047
45059
44997
45023
45065
45050
45026
44995
45035
45070
45051
45015
44963
44932
44911
44883
44939
44937
44939
45027
45079
45065
45023
45031
45062
45039
44924
44958
44951
44859
44890
44927
44916
44925
44917
44949
44903
44867
44943
44980
44964
44917
44930
44954
44939
44943
44946
44941
44987
44950
44999
45038
45041
45106
45137
45111
45147
45118
45080
45093
45119
45159
45199
45269
45270
45227
45219
45223
45254
45219
45147
45064
45087
45159
45043
45019
44990
45027
44967
45000
45039
45014
44980
45014
45007
45027
45078
45093
45095
45117
45092
45034
45031
44975
45007
44981
45023
45078
45087
45103
45020
45000
45036
45027
44955
44991
44982
44951
44923
44927
44869
44810
44881
44959
44959
44940
44947
44951
44955
44911
44874
44914
44908
44871
44885
44886
44853
44828
44777
44795
44843
44830
44860
44869
44963
45039
45113
45135
45111
45066
45050
45150
45209
45182
45158
45110
45077
45019
45043
45071
45131
45201
45233
45235
45158
45052
45066
45103
45083
45075
45179
45152
45083
45127
45175
45189
45255
45303
45302
45216
45083
45031
45003
44973
44998
45106
45071
45071
45079
45028
45017
45031
45015
45031
45093
45134
45059
45034
45047
45050
44915
44818
44850
44976
45056
45020
44991
44943
44863
44765
44789
44783
44759
44842
44849
44880
44893
44867
44790
44775
44767
44817
44826
44859
44915
44939
44893
44925
44965
44913
44927
44975
44974
44894
44918
45015
44991
44990
45036
45023
45007
45035
45039
45005
45030
45023
45055
45039
44966
44971
45083
45119
45134
45203
45235
45259
45247
45138
45008
45011
45055
45097
45157
45211
45158
45150
45097
44981
44979
44969
44959
44959
45038
45059
45086
45119
45045
44961
44987
45042
45079
45033
44989
45006
45005
45047
45043
45075
45087
45103
45102
45142
45147
45121
45131
45139
45131
45112
45133
45166
45193
45204
45204
45119
45109
45033
45036
45095
45167
45227
45263
45207
45129
45130
45104
45011
44975
45013
45007
44995
45046
45117
45055
44949
44907
44925
44899
44996
45022
45051
45075
45043
45045
45108
45141
45055
44978
44941
44927
44911
44963
45046
45100
45167
45154
45167
45261
45263
45183
45132
45089
45059
45020
45054
45069
45018
44951
44947
44963
44972
45007
45064
45157
45199
45151
45051
44962
44974
44959
44981
44975
44937
44975
45039
45082
45019
44943
44911
44851
44927
44985
44903
44919
44919
44923
44935
44927
44927
44964
44927
44899
44975
45043
44999
45095
45158
45171
45087
44956
44871
44891
44966
44983
45091
45122
45178
45339
45334
45217
45217
45255
45287
45345
45399
45397
