44486
44479
44533
44535
44556
44583
44683
44735
44683
44713
44798
44785
44638
44671
44773
44761
44743
44795
44841
44729
44767
44841
44786
44724
44703
44635
44493
44534
44645
44590
44551
44564
44596
44438
44325
44307
44371
44379
44283
44323
44391
44358
44271
44283
44303
44346
44329
44303
44383
44421
44435
44473
44491
44552
44575
44603
44635
44618
44573
44647
44678
44676
44697
44835
44834
44822
44760
44651
44587
44698
44863
44771
44721
44853
44758
44543
44523
44518
44506
44591
44607
44555
44495
44554
44469
44424
44478
44612
44632
44567
44415
44401
44285
44254
44251
44261
44297
44398
44350
44247
44303
44392
44403
44392
44395
44434
44421
44379
44460
44511
44539
44498
44637
44719
44635
44638
44665
44714
44766
44847
44811
44756
44659
44671
44786
44789
44727
44749
44678
44629
44670
44669
44493
44383
44415
44419
44415
44410
44382
44517
44543
44461
44265
44297
44331
44330
44311
44367
44413
44372
44231
44233
44290
44353
44390
44451
44438
44392
44320
44437
44579
44656
44671
44663
44645
44639
44664
44669
44715
44742
44837
44835
44812
44877
44823
44715
44699
44727
44504
44455
44653
44798
44769
44726
44709
44406
44371
44376
44308
44197
44258
44422
44511
44403
44298
44371
44338
44279
44311
44367
44392
44388
44414
44420
44431
44479
44415
44343
44364
44373
44383
44381
44392
44413
44436
44395
44430
44479
44447
44415
44472
44449
44494
44570
44574
44591
44579
44579
44558
44530
44517
44561
44643
44660
44707
44687
44698
44681
44734
44773
44658
44713
44654
44703
44686
44591
44606
44650
44587
44590
44542
44469
44402
44459
44450
44451
44533
44589
44579
44631
44665
44589
44557
44575
44587
44511
44520
44477
44543
44539
44500
44525
44583
44575
44523
44415
44458
44387
44386
44455
44541
44518
44366
44382
44307
44250
44284
44208
44141
44258
44355
44391
44407
44398
44351
44466
44443
44302
44247
44327
44355
44377
44374
44331
44363
44415
44378
44342
44431
44457
44415
44428
44377
44375
44427
44494
44567
44586
44675
44707
44667
44662
44603
44558
44591
44663
44756
44785
44671
44607
44581
44625
44724
44764
44799
44790
44767
44724
44653
44655
44653
44686
44818
44863
44811
44751
44827
44877
44846
44735
44631
44557
44575
44660
44523
44479
44518
44527
44527
44489
44527
44533
44381
44301
44223
44240
44234
44262
44278
44379
44391
44360
44406
44374
44362
44319
44315
44274
44298
44337
44379
44431
44400
44411
44443
44453
44422
44469
44479
44445
44387
44414
44502
44455
44444
44479
44438
44427
44389
44430
44508
44447
44399
44476
44519
44471
44575
44590
44527
44567
44607
44577
44560
44572
44495
44515
44620
44731
44826
44886
44831
44747
44671
44694
44647
44615
44642
44667
44685
44625
44629
44694
44758
44826
44819
44725
44659
44670
44691
44679
44683
44676
44671
44724
44671
44626
44495
44439
44403
44413
44523
44667
44698
44719
44847
44854
44887
44891
44863
44875
44789
44755
44789
44803
44659
44626
44584
44507
44433
44362
44379
44383
44459
44507
44527
44463
44449
44429
44428
44371
44415
44427
44477
44519
44463
44503
44502
44434
44387
44415
44411
44287
44275
44347
44365
44316
44286
44199
44255
44287
44215
44263
44383
44424
44183
44177
44268
44367
44425
44391
44358
44363
44469
44507
44467
44457
44443
44474
44515
44615
44696
44671
44569
44495
44499
44478
44415
44461
44575
44659
44645
44582
44467
44431
44581
44663
44588
44565
44604
44550
44535
44595
44599
44607
44563
44517
44463
44399
44443
44498
44463
44455
44511
44597
44523
44415
44373
44347
44348
44314
44335
44362
44382
44431
44433
44424
44415
44442
44226
44254
44383
44423
44443
44550
44524
44518
44563
44643
44575
44569
44513
44543
44597
44497
44541
44595
44647
44683
44695
44743
44635
44584
44581
44641
44593
44607
44659
44623
44597
44625
44652
44659
44681
44729
44779
44539
44439
44483
44479
44458
44415
44470
44343
44297
44303
44366
44303
44277
44303
44309
44343
44324
44378
44389
44349
44445
44383
44341
44405
44516
44583
44600
44551
44526
44623
44629
44661
44646
44595
44574
44543
44537
44569
44643
44652
44660
44591
44542
44543
44579
44660
44660
44511
44491
44647
44659
44525
44478
44463
44383
44431
44459
44522
44537
44478
44379
44303
44311
44415
44401
44302
44310
44335
44248
44261
44301
44323
44294
44323
44376
44522
44543
44491
44457
44525
44529
44543
44585
44643
44743
44761
44726
44695
44692
44671
44702
44773
44757
44760
44725
44679
44575
44537
44519
44543
44565
44519
44559
44516
44441
44448
44516
44658
44575
44482
44479
44530
44425
44481
44552
44595
44543
44411
44362
44379
44409
44427
44541
44618
44562
44560
44439
44367
44319
44297
44264
44401
44518
44531
44509
44421
44387
44427
44407
44444
44470
44477
44511
44487
44391
44351
44405
44415
44413
44479
44511
44415
44392
44435
44490
44534
44591
44577
44597
44569
44503
44509
44471
44463
44485
44485
44486
44430
44407
44423
44463
44495
44506
44565
44543
44537
44555
44569
44605
44603
44580
44555
44607
44591
44564
44707
44789
44805
44678
44683
44617
44465
44439
44453
44483
44601
44718
44732
44767
44830
44831
44739
44727
44718
44638
44646
44567
44583
44601
44689
44652
44639
44611
44533
44605
44581
44467
44511
44539
44520
44429
44426
44494
44547
44489
44486
44425
44419
44437
44487
44457
44470
44400
44367
44415
44395
44307
44405
44476
44466
44485
44538
44521
44477
44507
44415
44391
44459
44559
44661
44718
44683
44667
44625
44551
44615
44707
44715
44717
44722
44694
44578
44565
44613
44624
44689
44727
44767
44791
44764
44726
44566
44455
44418
44455
44502
44506
44483
44463
44476
44401
44383
44415
44407
44429
44468
44497
44502
44475
44396
44414
44483
44446
44495
44473
44522
44442
44435
44470
44560
44451
44443
44507
44447
44428
44490
44588
44622
44583
44581
44650
44718
44731
44698
44717
44731
44738
44615
44543
44489
44471
44527
44634
44767
44655
44631
44710
44765
44805
44755
44781
44799
44767
44583
44521
44583
44665
44626
44491
44489
44539
44571
44455
44355
44373
44393
44323
44331
44431
44553
44516
44501
44439
44334
44271
44275
44271
44217
44239
44273
44303
44283
44287
44221
44159
44207
44301
44398
44451
44527
44583
44523
44604
44659
44694
44843
44945
45039
44995
44925
44853
44777
44807
44863
44913
44799
44743
44666
44715
44709
44819
44975
44967
44953
44959
44733
44660
44665
44687
44778
44863
44886
44809
44683
44543
44535
44568
44614
44597
44515
44462
44583
44573
44493
44443
44510
44415
44344
44437
44479
44399
44399
44477
44474
44353
44298
44327
44253
44217
44257
44316
44333
44331
44355
44335
44346
44319
44274
44183
44259
44331
44373
44371
44463
44531
44543
44533
44607
44694
44671
44652
44786
44950
45079
45035
44889
44799
44785
44790
44863
44921
44853
44729
44717
44755
44661
44613
44715
44733
44643
44659
44689
44446
44415
44426
44407
44441
44479
44446
44427
44439
44449
44325
44345
44371
44378
44349
44284
44324
44335
44371
44371
44367
44325
44327
44371
44349
44331
44459
44526
44451
44511
44551
44453
44472
44503
44470
44483
44494
44533
44455
44431
44491
44607
44659
44589
44627
44613
44519
44503
44599
44649
44634
44676
44747
44811
44783
44759
44699
44614
44551
44521
44571
44614
44511
44529
44586
44584
44431
44356
44405
44394
44276
44331
44339
44337
44317
44363
44459
44479
44375
44258
44219
44214
44145
44149
44245
44305
44348
44431
44371
44337
44331
44360
44383
44364
44363
44442
44527
44594
44702
44638
44549
44599
44646
44633
44806
44851
44781
44623
44571
44442
44412
44526
44653
44774
44791
44799
44693
44587
44561
44502
44394
44437
44535
44583
44601
44670
44686
44491
44380
44407
44357
44318
44369
44324
44309
44334
44376
44359
44253
44307
44255
44243
44255
44318
44312
44295
44300
44348
44423
44415
44420
44371
44463
44428
44463
44514
44502
44462
44457
44555
44579
44551
44543
44502
44398
44335
44352
44556
44703
44639
44635
44651
44621
44567
44573
44565
44615
44657
44671
44650
44606
44630
44605
44479
44395
44463
44517
44404
44406
44538
44549
44479
44542
44525
44460
44455
44415
44392
44305
44380
44377
44335
44405
44433
44351
44350
44351
44381
44369
44343
44413
44491
44443
44427
44347
44396
44469
44537
44507
44465
44415
44387
44348
44363
44351
44463
44651
44694
44623
44631
44703
44591
44614
44725
44754
44655
44610
44606
44649
44723
44811
44890
44897
44699
44691
44627
44567
44587
44655
44683
44627
44709
44722
44695
44665
44669
44651
44663
44737
44719
44685
44669
44635
44445
44428
44515
44549
44477
44479
44479
44440
44431
44463
44438
44339
44319
44392
44335
44294
44281
44311
44229
44278
44383
44415
44441
44486
44495
44543
44573
44661
44719
44724
44719
44729
44732
44747
44694
44618
44570
44582
44492
44532
44599
44494
44379
44463
44591
44655
44566
44483
44451
44467
44341
44227
44279
44335
44243
44267
44322
44327
44303
44345
44428
44367
44293
44249
44279
44343
44313
44239
44311
44468
44515
44535
44637
44663
44583
44484
44523
44590
44604
44617
44642
44690
44717
44715
44799
44849
44753
44722
44636
44535
44539
44634
44662
44615
44643
44709
44691
44499
44431
44511
44495
44446
44511
44488
44492
44557
44537
44437
44413
44477
44407
44342
44351
44341
44302
44403
44579
44604
44551
44479
44554
44470
44501
44520
44519
44575
44646
44692
44726
44709
44665
44655
44607
44665
44705
44773
44831
44767
44752
44799
44878
44861
44876
44856
44827
44662
44689
44797
44831
44765
44727
44732
44695
44653
44679
44734
44676
44531
44611
44563
44449
44367
44482
44515
44550
44514
44537
44677
44526
44414
44435
44427
44411
44423
44411
44469
44433
44469
44461
44462
44503
44447
44388
44410
44478
44478
44509
44489
44485
44603
44724
44694
44653
44598
44623
44659
44735
44763
44730
44651
44585
44627
44709
44894
45002
44781
44735
44667
44527
44571
44684
44653
44579
44603
44663
44526
44423
44486
44653
44607
44383
44467
44511
44405
44336
44446
44471
44347
44394
44420
44460
44471
44473
44470
44454
44423
44427
44379
44327
44283
44355
44310
44378
44396
44404
44399
44333
44383
44453
44366
44345
44409
44572
44581
44491
44536
44559
44479
44563
44659
44745
44819
44799
44623
44471
44469
44531
44573
44557
44541
44652
44588
44614
44635
44575
44404
44401
44458
44471
44497
44549
44445
44361
44310
44351
44315
44332
44321
44351
44459
44411
44392
44355
44399
44508
44679
44655
44628
44539
44443
44382
44479
44605
44687
44737
44730
44654
44611
44690
44645
44500
44574
44587
44551
44622
44661
44527
44497
44580
44527
44474
44611
44531
44378
44349
44504
44402
44331
44407
44436
44316
44260
44273
44285
44235
44244
44255
44143
44101
44181
44276
44307
44330
44295
44259
44361
44499
44639
44761
44719
44696
44651
44601
44627
44605
44601
44574
44595
44586
44626
44652
44541
44427
44431
44574
44652
44523
44487
44571
44573
44346
44392
44519
44487
44395
44455
44479
44423
44287
44335
44402
44445
44359
44311
44419
44503
44538
44479
44516
44535
44607
44638
44580
44486
44511
44585
44623
44686
44706
44667
44647
44647
44742
44787
44776
44591
44531
44589
44607
44583
44543
44564
44427
44422
44515
44543
44479
44379
44394
44383
44316
44113
44197
44363
44407
44347
44366
44330
44283
44307
44395
44446
44419
44350
44425
44455
44532
44635
44703
44655
44683
44776
44789
44783
44771
44749
44775
44779
44735
44646
44671
44713
44555
44510
44585
44580
44668
44628
44495
44463
44444
44415
44380
44413
44463
44520
44543
44509
44479
44444
44329
44342
44450
44426
44556
44597
44447
44396
44479
44495
44431
44475
44496
44493
44487
44522
44527
44607
44634
44580
44594
44719
44779
44744
44731
44775
44653
44598
44642
44765
44773
44622
44637
44647
44459
44413
44427
44361
44274
44269
44350
44415
44360
44365
44389
44351
44395
44371
44363
44351
44383
44359
44415
44475
44499
44643
44671
44628
44647
44631
44541
44579
44607
44636
44731
44873
44874
44846
44823
44799
44653
44741
44939
44897
44742
44853
44927
44692
44600
44693
44690
44572
44575
44675
44669
44571
44486
44555
44539
44476
44542
44515
44457
44482
44429
44435
44445
44407
44359
44378
44432
44383
44409
44471
44507
44471
44489
44562
44589
44523
44591
44653
44665
44670
44629
44635
44636
44693
44792
44851
44911
44911
44840
44780
44775
44749
44813
44873
44886
44786
44711
44729
44649
44619
44751
44799
44707
44620
44664
44541
44403
44371
44427
44527
44607
44554
44489
44543
44539
44459
44479
44516
44426
44439
44479
44481
44403
44446
44570
44730
44559
44441
44488
44527
44547
44521
44571
44595
44555
44531
44517
44525
44567
44573
44606
44596
44510
44490
44581
44692
44791
44845
44859
44904
44824
44793
44763
44753
44711
44810
44893
44791
44690
44798
44745
44525
44599
44696
44547
44511
44661
44607
44534
44521
44637
44628
44391
44360
44415
44398
44348
44335
44308
44388
44334
44299
44327
44367
44330
44333
44378
44445
44434
44451
44493
44499
44539
44595
44543
44512
44443
44543
44612
44667
44764
44740
44701
44703
44631
44557
44579
44722
44805
44702
44681
44625
44619
44559
44649
44623
44507
44534
44630
44464
44338
44475
44585
44479
44454
44463
44494
44413
44404
44367
44404
44367
44309
44383
44368
44301
44324
44341
44378
44383
44389
44441
44499
44494
44507
44525
44565
44652
44711
44752
44735
44703
44753
44795
44829
44791
44703
44597
44535
44523
44517
44571
44636
44589
44548
44543
44537
44405
44448
44592
44695
44550
44478
44539
44367
44239
44287
44294
44365
44488
44403
44303
44287
44327
44286
44277
44237
44304
44359
44420
44437
44455
44524
44603
44591
44646
44772
44853
44831
44753
44702
44742
44681
44702
44779
44678
44578
44540
44548
44430
44435
44448
44470
44466
44493
44655
44665
44503
44421
44456
44453
44342
44389
44479
44485
44433
44527
44439
44339
44362
44347
44312
44363
44390
44397
44422
44504
44487
44485
44596
44607
44531
44493
44486
44489
44556
44678
44778
44799
44689
44644
44711
44770
44831
44942
44903
44731
44612
44582
44605
44622
44749
44780
44670
44613
44574
44463
44353
44491
44517
44409
44395
44432
44427
44340
44342
44376
44362
44319
44369
44452
44403
44298
44306
44415
44390
44327
44405
44415
44412
44439
44381
44350
44439
44439
44425
44475
44575
44573
44587
44583
44563
44570
44543
44655
44727
44607
44433
44493
44535
44479
44622
44767
44703
44527
44586
44646
44558
44466
44477
44470
44334
44348
44412
44415
44435
44456
44421
44374
44297
44324
44415
44371
44292
44409
44469
44344
44275
44273
44309
44351
44341
44347
44334
44309
44364
44317
44337
44330
44351
44377
44371
44406
44461
44468
44489
44531
44619
44585
44579
44709
44827
44789
44660
44582
44521
44574
44578
44565
44683
44809
44834
44719
44647
44606
44617
44491
44539
44599
44629
44639
44621
44463
44393
44350
44359
44343
44388
44411
44489
44443
44430
44373
44451
44446
44417
44357
44372
44308
44286
44302
44285
44415
44473
44430
44463
44530
44549
44516
44527
44627
44728
44747
44599
44543
44678
44759
44735
44703
44688
44619
44673
44767
44775
44518
44514
44625
44631
44489
44527
44609
44505
44454
44435
44419
44306
44358
44341
44424
44467
44515
44538
44495
44367
44411
44355
44335
44377
44329
44263
44271
44342
44391
44408
44437
44464
44534
44532
44522
44538
44451
44363
44432
44473
44527
44494
44519
44587
44607
44540
44515
44587
44663
44668
44638
44630
44532
44582
44745
44787
44671
44758
44919
44779
44689
44739
44676
44583
44605
44691
44580
44515
44567
44680
44591
44493
44410
44452
44491
44475
44467
44552
44543
44449
44341
44435
44453
44506
44594
44521
44443
44466
44399
44409
44447
44391
44309
44319
44350
44459
44461
44423
44388
44446
44442
44359
44347
44377
44427
44554
44623
44663
44707
44582
44556
44567
44629
44659
44711
44603
44488
44439
44487
44426
44543
44662
44549
44533
44643
44618
44596
44542
44517
44477
44465
44486
44669
44731
44571
44561
44540
44488
44375
44378
44415
44495
44534
44571
44645
44585
44638
44684
44690
44671
44571
44430
44427
44423
44445
44459
44393
44455
44563
44535
44427
44499
44527
44395
44392
44435
44489
44474
44443
44471
44463
44330
44371
44473
44519
44482
44479
44466
44415
44452
44586
44726
44741
44689
44755
44819
44693
44607
44663
44762
44788
44734
44711
44581
44543
44586
44641
44634
44595
44524
44542
44474
44390
44465
44531
44478
44438
44498
44670
44618
44367
44431
44575
44491
44327
44361
44343
44287
44229
44236
44327
44403
44479
44481
44402
44439
44495
44463
44441
44421
44447
44511
44526
44567
44665
44719
44607
44487
44487
44551
44431
44390
44543
44561
44423
44479
44607
44615
44561
44650
44643
44557
44498
44543
44598
44518
44515
44555
44648
44623
44520
44534
44567
44378
44267
44229
44339
44411
44309
44229
44307
44381
44383
44358
44366
44410
44383
44329
44309
44354
44392
44414
44347
44303
44393
44488
44517
44506
44551
44490
44524
44519
44557
44623
44611
44634
44731
44707
44701
44685
44621
44587
44502
44641
44861
44853
44651
44687
44714
44603
44623
44819
44823
44619
44448
44508
44570
44327
44295
44416
44490
44470
44445
44455
44371
44390
44388
44398
44335
44318
44393
44398
44407
44415
44468
44475
44436
44463
44594
44614
44661
44763
44759
44701
44681
44711
44722
44677
44599
44611
44674
44735
44744
44766
44829
44767
44783
44747
44791
44827
44687
44582
44595
44593
44492
44439
44447
44501
44477
44442
44415
44390
44367
44383
44377
44415
44495
44507
44491
44443
44397
44375
44486
44527
44562
44619
44639
44583
44495
44543
44539
44543
44533
44543
44564
44450
44436
44502
44531
44561
44587
44555
44567
44621
44636
44662
44574
44541
44607
44543
44378
44374
44451
44474
44499
44471
44482
44483
44525
44473
44415
44458
44441
44447
44495
44502
44502
44470
44409
44351
44281
44283
44344
44393
44411
44478
44493
44522
44518
44472
44489
44503
44498
44487
44599
44719
44662
44654
44683
44703
44683
44703
44719
44599
44651
44655
44635
44586
44601
44777
44826
44793
44799
44803
44575
44553
44474
44491
44399
44439
44498
44525
44493
44449
44489
44495
44437
44435
44435
44422
44459
44543
44601
44515
44511
44555
44491
44555
44607
44695
44643
44547
44495
44483
44469
44554
44614
44585
44551
44553
44530
44553
44714
44793
44791
44735
44681
44599
44607
44598
44523
44619
44786
44727
44655
44678
44612
44550
44543
44523
44413
44435
44399
44363
44309
44329
44362
44399
44440
44423
44387
44415
44406
44323
44336
44338
44287
44326
44287
44263
44238
44372
44379
44360
44335
44351
44307
44307
44341
44405
44495
44550
44569
44585
44543
44607
44515
44511
44615
44587
44622
44571
44509
44534
44671
44620
44521
44567
44581
44582
44618
44654
44655
44663
44671
44575
44554
44605
44667
44557
44508
44531
44502
44543
44559
44599
44629
44589
44618
44631
44573
44470
44415
44351
44310
44380
44409
44389
44438
44519
44495
44478
44431
44403
44415
44381
44351
44403
44363
44366
44380
44383
44363
44321
44395
44550
44543
44415
44381
44383
44399
44501
44543
44530
44460
44495
44566
44607
44570
44597
44675
44677
44710
44692
44623
44573
44579
44627
44694
44625
44587
44606
44597
44507
44603
44762
44829
44755
44727
44730
44587
44541
44722
44683
44569
44573
44678
44723
44687
44620
44607
44558
44441
44461
44525
44535
44423
44484
44635
44485
44283
44344
44255
44196
44287
44362
44212
44253
44259
44350
44471
44424
44406
44415
44350
44335
44373
44424
44399
44429
44446
44421
44347
44357
44321
44397
44451
44489
44554
44579
44551
44511
44490
44433
44435
44446
44485
44513
44563
44617
44631
44679
44629
44652
44663
44667
44555
44573
44619
44729
44938
44908
44755
44639
44637
44491
44373
44493
44652
44727
44717
44739
44670
44521
44405
44506
44518
44531
44543
44483
44517
44617
44567
44482
44412
44413
44355
44370
44367
44343
44406
44409
44412
44403
44415
44415
44367
44388
44423
44420
44447
44467
44331
44317
44357
44403
44493
44479
44497
44473
44543
44575
44687
44759
44759
44695
44646
44651
44789
44843
44833
44861
44818
44669
44753
44829
44815
44775
44803
44709
44527
44431
44527
44577
44523
44559
44655
44641
44477
44447
44471
44425
44332
44330
44380
44406
44352
44324
44349
44363
44373
44383
44328
44277
44329
44341
44377
44379
44351
44315
44338
44425
44457
44514
44603
44564
44415
44488
44555
44601
44627
44646
44711
44741
44701
44634
44682
44743
44725
44746
44745
44703
44563
44619
44692
44632
44663
44751
44697
44586
44559
44614
44617
44585
44589
44667
44638
44520
44556
44635
44578
44442
44461
44415
44431
44370
44383
44422
44370
44405
44383
44358
44262
44277
44305
44317
44360
44274
44279
44345
44349
44305
44330
44427
44407
44375
44386
44367
44370
44359
44351
44334
44345
44491
44555
44571
44555
44613
44685
44684
44667
44652
44566
44647
44790
44879
44834
44773
44709
44589
44560
44605
44671
44697
44715
44725
44756
44735
44719
44590
44569
44515
44468
44505
44664
44703
44621
44593
44539
44439
44406
44425
44399
44368
44325
44349
44337
44223
44239
44249
44301
44324
44378
44421
44441
44462
44393
44410
44410
44412
44438
44435
44424
44427
44475
44461
44414
44485
44521
44549
44520
44525
44554
44596
44666
44639
44701
44748
44691
44639
44631
44714
44766
44855
44911
44827
44679
44703
44781
44775
44735
44707
44691
44758
44650
44581
44556
44585
44521
44502
44551
44559
44529
44467
44458
44394
44391
44358
44383
44491
44481
44469
44463
44454
44479
44494
44461
44467
44446
44413
44411
44415
44371
44365
44392
44401
44423
44406
44439
44430
44404
44406
44415
44428
44415
44470
44515
44528
44463
44435
44475
44515
44487
44519
44555
44584
44631
44747
44722
44691
44673
44698
44687
44570
44558
44575
44654
44658
44701
44635
44591
44662
44701
44523
44462
44598
44651
44508
44521
44553
44564
44556
44687
44709
44619
44565
44486
44351
44367
44377
44425
44550
44640
44591
44542
44499
44401
44343
44331
44334
44415
44463
44499
44575
44543
44503
44495
44479
44493
44410
44383
44360
44412
44522
44511
44516
44530
44587
44549
44535
44509
44474
44448
44514
44573
44605
44569
44607
44697
44725
44711
44699
44671
44631
44655
44684
44711
44758
44725
44607
44620
44611
44591
44543
44543
44508
44532
44571
44598
44647
44626
44603
44572
44569
44670
44758
44613
44536
44600
44523
44529
44597
44551
44458
44511
44535
44489
44497
44504
44471
44505
44536
44550
44590
44657
44683
44677
44683
44663
44627
44583
44567
44565
44555
44627
44649
44651
44651
44599
44621
44596
44575
44539
44582
44569
44575
44556
44516
44551
44587
44550
44572
44622
44612
44655
44709
44767
44855
44671
44597
44606
44635
44653
44647
44663
44717
44620
44511
44497
44438
44399
44348
44407
44431
44471
44491
44541
44565
44505
44531
44542
44585
44543
44591
44557
44513
44509
44477
44347
44386
44405
44471
44491
44499
44581
44638
44697
44523
44438
44481
44671
44841
44841
44890
44807
44652
44634
44623
44667
44693
44615
44551
44539
44546
44516
44599
44636
44541
44517
44590
44647
44526
44507
44484
44450
44461
44415
44375
44361
44351
44358
44377
44443
44439
44459
44521
44543
44486
44438
44457
44383
44444
44488
44451
44399
44333
44374
44424
44363
44375
44379
44447
44470
44485
44587
44719
44799
44831
44735
44694
44727
44643
44518
44579
44695
44739
44685
44703
44628
44527
44534
44502
44467
44473
44455
44469
44543
44515
44507
44562
44453
44473
44551
44511
44479
44309
44273
44363
44451
44522
44543
44597
44612
44658
44779
44820
44727
44507
44451
44456
44487
44426
44431
44479
44414
44306
44408
44506
44539
44583
44585
44613
44743
44724
44656
44667
44735
44703
44719
44771
44835
44920
45050
45069
45021
44962
44749
44729
44823
44946
44978
45050
45102
44967
44869
44795
44815
44899
44934
44857
44794
44739
44506
44430
44419
44434
44421
44455
44495
44399
44337
44377
44342
44251
44271
44223
44186
44237
44302
44311
44291
44275
44293
44400
44511
44359
44274
44331
44275
44243
44263
44358
44463
44497
44439
44447
44540
44586
44604
44623
44543
44603
44607
44579
44551
44651
44723
44674
44649
44636
44536
44430
44486
44483
44449
44459
44442
44347
44318
44316
44333
44381
44415
44380
44354
44309
44360
44351
44359
44363
44451
44423
44402
44364
44323
44399
44375
44293
44383
44486
44399
44436
44455
44430
44451
44515
44537
44521
44511
44627
44629
44606
44557
44566
44591
44567
44613
44595
44565
44521
44515
44468
44491
44591
44615
44616
44678
44685
44615
44595
44621
44647
44631
44567
44511
44471
44351
44347
44447
44454
44357
44415
44484
44349
44318
44277
44411
44463
44301
44302
44397
44361
44324
44340
44373
44330
44317
44331
44334
44386
44427
44484
44415
44413
44350
44331
44360
44395
44463
44459
44431
44409
44440
44455
44525
44598
44635
44683
44671
44671
44543
44507
44511
44479
44501
44582
44639
44669
44550
44487
44487
44491
44489
44436
44459
44423
44430
44552
44662
44541
44367
44324
44315
44287
44230
44367
44487
44440
44415
44423
44399
44427
44421
44486
44507
44397
44371
44429
44409
44393
44337
44383
44387
44375
44434
44379
44383
44386
44421
44495
44554
44567
44535
44519
44549
44518
44478
44458
44402
44435
44438
44525
44594
44611
44643
44719
44726
44623
44581
44524
44447
44518
44594
44639
44660
44657
44621
44526
44494
44550
44655
44740
44671
44591
44504
44491
44474
44559
44639
44751
44762
44764
44655
44626
44596
44567
44554
44599
44694
44643
44531
44510
44503
44523
44555
44525
44471
44531
44543
44477
44475
44474
44468
44429
44403
44406
44453
44447
44486
44583
44715
44631
44487
44476
44530
44373
44307
44279
44295
44253
44294
44330
44363
44406
44479
44491
44521
44571
44602
44679
44787
44831
44685
44603
44627
44598
44568
44543
44597
44639
44703
44655
44534
44543
44535
44501
44506
44532
44535
44531
44474
44395
44415
44538
44471
44459
44491
44563
44531
44403
44381
44471
44335
44282
44349
44343
44343
44394
44394
44359
44403
44410
44309
44287
44307
44275
44266
44329
44393
44470
44484
44514
44549
44503
44501
44487
44479
44558
